42.1949	3.11038
42.04	3.10717
42.115	3.10304
42.2177	3.09845
42.2051	3.09493
42.2051	3.09493
42.1574	3.08699
42.148	3.08296
42.1788	3.07889
42.1788	3.07889
42.1453	3.07176
42.1453	3.07176
42.1346	3.06418
42.1702	3.06052
42.1551	3.05517
42.1551	3.05517
42.1163	3.04833
42.1581	3.04466
42.2526	3.04032
42.1824	3.03722
42.282	3.02989
42.2276	3.0283
42.3252	3.02069
42.3252	3.02069
42.2194	3.01706
42.2009	3.0138
42.2067	3.00859
42.1981	3.00603
42.1981	3.00603
42.2506	2.99759
42.2506	2.99759
42.2745	2.98855
42.0135	2.98621
42.3481	2.97954
42.1965	2.97759
42.1965	2.97759
42.2659	2.96897
42.2501	2.96556
42.3213	2.96017
42.3213	2.96017
42.3213	2.96017
42.3212	2.94909
42.2329	2.94614
42.3335	2.93977
42.2661	2.93774
42.1867	2.93534
42.3403	2.92849
42.2713	2.92648
42.3287	2.91991
42.3287	2.91991
42.3287	2.91991
42.3145	2.90816
42.256	2.90657
42.3231	2.89981
42.2571	2.8978
42.1605	2.89517
42.2863	2.88897
42.085	2.88723
42.0928	2.88071
42.1681	2.87876
42.0987	2.87636
42.2797	2.86946
42.2192	2.86792
42.2842	2.86132
42.2101	2.85899
42.2101	2.85899
42.2308	2.84994
42.1259	2.8484
42.1451	2.84527
42.1345	2.83959
42.0628	2.83755
42.1391	2.83088
42.0579	2.82896
42.1643	2.82211
42.1643	2.82211
42.0631	2.81784
42.0619	2.81141
42.0646	2.8094
42.1095	2.80297
42.1095	2.80297
42.1053	2.79773
42.0983	2.79068
42.0983	2.79068
42.1585	2.78316
42.1489	2.77993
42.0417	2.77765
42.1761	2.77188
42.0236	2.77068
42.1213	2.76385
41.9847	2.76155
41.8768	2.75963
41.9415	2.75339
41.9956	2.75117
42.0503	2.74461
41.9441	2.74264
41.9441	2.74264
41.9663	2.73384
41.8889	2.73148
41.9506	2.72512
41.8975	2.72326
41.9318	2.71643
41.9318	2.71643
41.8308	2.71219
41.8493	2.70573
41.8883	2.70327
41.8627	2.69658
41.8905	2.69458
41.7611	2.69199
41.843	2.68639
41.843	2.68639
41.7773	2.67784
41.7711	2.67483
41.7223	2.67297
41.8021	2.66633
41.6824	2.66441
41.8058	2.65774
41.726	2.6561
41.5351	2.65393
41.7415	2.6467
41.6637	2.64494
41.6952	2.63816
41.6268	2.63593
41.5701	2.63369
41.6332	2.62756
41.572	2.62582
41.572	2.62582
41.4704	2.6168
41.5115	2.61376
41.4959	2.60798
41.2931	2.60599
41.5533	2.59966
41.44	2.59738
41.4592	2.59082
41.468	2.5876
41.4009	2.58582
41.3914	2.57962
41.3914	2.57962
41.3397	2.57163
41.2719	2.56927
41.1823	2.56705
41.2534	2.56051
41.1192	2.55822
41.1192	2.55822
41.1118	2.54948
41.1139	2.54795
41.1517	2.54137
41.1517	2.54137
41.1517	2.54137
41.0778	2.53058
41.0224	2.52879
41.0742	2.52255
40.9533	2.52086
40.9354	2.51419
41.0468	2.51207
40.9709	2.50923
40.9712	2.50172
40.9115	2.49958
40.9266	2.49348
40.7586	2.49082
40.8624	2.4885
40.8786	2.48264
40.8786	2.48264
40.8169	2.47398
40.8169	2.47398
40.6707	2.46969
40.7516	2.46352
40.6671	2.46174
40.706	2.45485
40.706	2.45485
40.6215	2.45097
40.6623	2.44432
40.5923	2.44186
40.5257	2.4391
40.5691	2.4332
40.4958	2.4306
40.491	2.42428
40.4385	2.42279
40.4994	2.41597
40.4191	2.41386
40.4191	2.41386
40.3162	2.40509
40.2474	2.40289
40.3225	2.39596
40.2509	2.39447
40.2222	2.39171
40.2012	2.38515
40.0849	2.3864
39.7656	2.38882
39.6426	2.39537
39.5411	2.39757
39.3121	2.40464
39.2716	2.40501
39.0589	2.4113
38.9649	2.41327
38.9003	2.41567
38.673	2.42234
38.6418	2.42433
38.4057	2.43076
38.3345	2.43238
38.2443	2.43563
38.0303	2.44266
37.9697	2.44478
37.8442	2.45117
37.7167	2.45368
37.626	2.45892
37.5614	2.46096
37.5165	2.46325
37.3136	2.46966
37.2446	2.47237
37.0589	2.47834
36.9744	2.48027
36.955	2.48288
36.8256	2.49003
36.7459	2.49089
36.6423	2.49731
36.5591	2.5
36.5591	2.5
36.2545	2.50822
36.3865	2.50996
36.1957	2.51689
36.1539	2.51906
36.1551	2.52149
35.9999	2.52768
35.9635	2.52938
35.778	2.53627
35.6069	2.53841
35.8498	2.54086
35.6317	2.54721
35.5948	2.54941
35.4084	2.55594
35.4084	2.55594
35.4084	2.55594
35.2693	2.56716
35.2693	2.56716
35.1407	2.57528
35.0792	2.57713
35.0852	2.57996
34.9534	2.58687
34.9481	2.5885
34.9714	2.59173
34.7953	2.59681
34.7953	2.59681
34.7041	2.60598
34.6451	2.60728
34.5145	2.61344
34.5866	2.61605
34.481	2.62235
34.3732	2.62427
34.4616	2.62669
34.3034	2.633
34.3034	2.633
34.0912	2.64241
34.1641	2.64519
34.0791	2.64729
33.9218	2.65369
33.9254	2.65645
33.81	2.66115
34.0733	2.66375
33.8911	2.66546
33.875	2.67252
33.875	2.67252
33.6914	2.68101
33.6914	2.68101
33.6927	2.6852
33.5933	2.69258
33.5933	2.69258
33.4847	2.70035
33.5323	2.7019
33.5136	2.7047
33.3662	2.71188
33.4345	2.71349
33.3126	2.72025
33.2904	2.72133
33.2904	2.72133
33.2024	2.73007
33.2024	2.73007
33.1247	2.73944
33.1247	2.73944
33.0595	2.74748
33.04	2.75024
33.0363	2.75244
32.949	2.75826
32.9267	2.76332
32.8685	2.76724
32.804	2.76954
32.8355	2.77505
32.7964	2.77797
32.8139	2.78263
32.814	2.78599
32.8149	2.79018
32.7093	2.79402
32.6403	2.7977
32.6448	2.80242
32.5997	2.80573
32.559	2.8102
32.5013	2.81368
32.5761	2.8177
32.4916	2.8218
32.4916	2.8218
32.4891	2.82925
32.4891	2.82925
32.4408	2.83747
32.4089	2.8402
32.4075	2.84483
32.3726	2.84886
32.371	2.85284
32.3068	2.85688
32.2848	2.85996
32.2978	2.86466
32.2027	2.86824
32.2027	2.86824
32.1878	2.87612
32.2419	2.8782
32.1356	2.88421
32.2079	2.88527
32.1796	2.88766
32.126	2.89367
32.0652	2.89582
32.0708	2.9023
32.1529	2.90433
32.1529	2.90433
32.1011	2.91288
32.0589	2.91501
31.9633	2.92183
31.8473	2.92367
31.8473	2.92367
31.8473	2.92367
31.8473	2.92367
31.8818	2.94182
31.9291	2.94336
31.8282	2.94982
31.8065	2.95279
31.8065	2.95279
31.8032	2.96163
31.7926	2.96349
31.8862	2.96637
31.7244	2.97264
31.7843	2.97502
31.7002	2.98129
31.7002	2.98129
31.6734	2.98886
31.7613	2.99056
31.726	2.99778
31.6641	3.00001
31.6641	3.00001
31.6113	3.00879
31.6626	3.01104
31.5841	3.01688
31.5809	3.01948
31.4719	3.02237
31.5103	3.02842
31.5655	3.03072
31.5812	3.03666
31.5812	3.03666
31.6665	3.04061
31.5084	3.0472
31.5869	3.04918
31.5836	3.05161
31.5161	3.0576
31.5161	3.0576
31.4368	3.06665
31.4874	3.06879
31.5754	3.07089
31.464	3.0772
31.4606	3.07917
31.331	3.08572
31.4802	3.08801
31.4802	3.08801
31.399	3.09661
31.4605	3.09874
31.2492	3.10571
31.3563	3.10791
31.3563	3.10791
31.2999	3.11702
31.3654	3.11876
31.2818	3.12549
31.3338	3.12757
31.2173	3.13369
31.3066	3.13678
31.3991	3.13808
31.2572	3.14377
31.3405	3.146
31.2007	3.15257
31.1924	3.15532
31.2459	3.15729
31.2055	3.16395
31.2055	3.16395
31.2055	3.16395
31.1703	3.17528
31.2282	3.17734
31.1385	3.18374
31.2054	3.18556
31.1451	3.19176
31.2146	3.19339
31.0177	3.20128
31.0988	3.20361
31.0988	3.20361
31.0252	3.21226
31.1075	3.21451
31.0537	3.22043
31.0537	3.22043
31.0537	3.22043
31.0244	3.23196
31.0074	3.23437
31.0225	3.24021
30.9932	3.24257
31.0679	3.24391
31.1905	3.24708
31.0593	3.25285
31.1768	3.25527
31.0417	3.26101
30.9239	3.26341
31.1587	3.26695
30.8498	3.27216
31.188	3.27467
31.0788	3.28067
30.9826	3.28289
31.0851	3.28923
30.8971	3.29166
31.1759	3.29408
30.9826	3.30027
31.0334	3.30229
30.9306	3.30886
30.9159	3.3127
30.9632	3.31479
30.8483	3.32171
30.9152	3.32357
30.9152	3.32357
30.8585	3.33234
30.8637	3.3375
30.8382	3.34086
31.0403	3.34148
30.9162	3.34786
31.0125	3.34985
30.7708	3.35672
30.8633	3.35944
30.9531	3.36127
30.7942	3.36836
30.8799	3.3707
30.9657	3.37338
30.8194	3.37939
30.8865	3.38138
30.7435	3.3876
30.8706	3.38975
30.7962	3.39538
30.7962	3.39538
30.7582	3.4041
30.8026	3.40599
30.8026	3.40599
30.784	3.4151
30.8352	3.41684
30.8022	3.42314
30.8022	3.42314
30.8022	3.42314
30.7115	3.435
30.8006	3.43694
30.753	3.44299
30.7963	3.44489
30.8961	3.44673
30.8961	3.44673
30.7938	3.45608
30.8861	3.45802
30.7266	3.46376
30.8456	3.46663
30.8444	3.47002
30.7447	3.47477
30.7447	3.47477
30.6713	3.4837
30.805	3.48599
30.6987	3.49314
30.7872	3.49478
30.876	3.49715
30.6974	3.50339
30.7708	3.50513
30.5714	3.51256
30.6604	3.51628
30.7349	3.51825
30.6915	3.52474
30.6746	3.52661
30.6907	3.53259
30.5341	3.53538
30.5286	3.5409
30.7078	3.54414
30.8454	3.54471
30.6633	3.55113
30.7489	3.55257
30.6074	3.55957
30.6889	3.56173
30.6889	3.56173
30.6043	3.57127
30.7611	3.57371
30.7611	3.57371
30.6549	3.58175
30.7442	3.58407
30.6138	3.59073
30.6984	3.59223
30.6427	3.59847
30.6822	3.60004
30.5522	3.60673
30.6077	3.60925
30.6077	3.60925
30.5731	3.61852
30.638	3.62028
30.5732	3.62645
30.5732	3.62645
30.5732	3.62645
30.5353	3.63755
30.5353	3.63755
30.5101	3.64602
30.6458	3.6489
30.6458	3.6489
30.6458	3.6489
30.666	3.65792
30.666	3.65792
30.5224	3.6666
30.6566	3.66926
30.6566	3.66926
30.6279	3.67787
30.7105	3.68053
30.5566	3.68685
30.5566	3.68685
30.47	3.69534
30.5711	3.69695
30.4706	3.70405
30.4706	3.70405
30.4706	3.70405
30.4175	3.7156
30.4175	3.7156
30.5015	3.7204
30.3763	3.72693
30.3763	3.72693
30.2831	3.73645
30.3495	3.73916
30.3521	3.74387
30.3521	3.74387
30.5108	3.74783
30.244	3.75451
30.5246	3.75609
30.3836	3.76313
30.4622	3.76445
30.4622	3.76445
30.3546	3.77375
30.4271	3.77575
30.5906	3.77779
30.3736	3.78483
30.4621	3.78748
30.2888	3.79337
30.2402	3.79543
30.0765	3.80183
30.4662	3.80372
30.2895	3.81032
30.2595	3.81269
30.4838	3.81497
30.2519	3.82144
30.3316	3.8234
30.2462	3.82934
30.2933	3.83167
30.3995	3.83401
30.2532	3.84118
30.2116	3.84337
30.1728	3.84905
30.3059	3.85098
30.3824	3.85339
30.1359	3.85981
30.2631	3.86135
30.3569	3.86442
30.317	3.87043
30.3999	3.8725
30.1967	3.87943
30.3118	3.881
30.3118	3.881
30.2252	3.88992
30.3306	3.89213
30.1411	3.89849
30.2551	3.90036
29.9958	3.90737
30.2142	3.9092
30.3071	3.91143
30.0219	3.91854
30.2056	3.92056
30.0759	3.92667
30.0759	3.92667
30.2342	3.93161
29.9939	3.93836
29.8964	3.94046
30.0538	3.94582
30.1521	3.94927
30.2702	3.95051
30.0913	3.95642
30.0913	3.95642
30.0113	3.96542
30.1391	3.96739
30.1163	3.97002
30.0028	3.97576
30.0028	3.97576
30.1922	3.98087
29.993	3.98681
30.1221	3.98915
29.9322	3.99563
30.0343	3.99784
29.7694	4.00483
29.9065	4.00669
29.9661	4.00918
29.868	4.01584
29.983	4.01805
30.0914	4.02069
30.0714	4.02377
29.975	4.02885
30.0598	4.03167
29.8837	4.03743
29.989	4.03995
29.8303	4.04654
29.9495	4.04849
30.0725	4.05154
30.0619	4.05616
30.0304	4.05907
29.7523	4.06319
29.9405	4.06737
30.2888	4.06321
30.5334	4.05973
30.6945	4.05502
30.8382	4.05222
30.9296	4.04822
31.0606	4.04409
31.3443	4.03976
31.3443	4.03976
31.4975	4.03173
31.7316	4.02838
31.7316	4.02838
31.7316	4.02838
31.8646	4.01794
31.9882	4.01554
31.8373	4.01299
32.084	4.00966
32.2713	4.00432
32.1575	4.0017
32.1939	3.99703
32.5055	3.991
32.5151	3.98817
32.5948	3.9851
32.5948	3.9851
32.8893	3.9745
32.8893	3.9745
33.0759	3.96518
33.2254	3.96126
33.2254	3.96126
33.2939	3.95556
33.2939	3.95556
33.3815	3.94619
33.5607	3.94249
33.631	3.93914
33.5619	3.93694
33.6825	3.93031
33.7572	3.9274
33.7572	3.9274
33.7572	3.9274
33.9642	3.9156
33.9728	3.91283
33.9241	3.91128
33.9402	3.90755
34.1938	3.90106
34.1171	3.89887
34.1967	3.8957
34.4696	3.88856
34.4835	3.88565
34.4835	3.88565
34.5482	3.87953
34.7396	3.87238
34.7396	3.87238
34.7233	3.86724
34.7422	3.86388
34.9777	3.8565
35.0544	3.85358
35.0545	3.8485
35.1499	3.84454
35.2684	3.84109
35.2995	3.83836
35.2083	3.83616
35.4857	3.82905
35.5287	3.82656
35.5287	3.82656
35.5287	3.82656
35.7467	3.81405
35.7537	3.81107
35.7537	3.81107
35.7537	3.81107
35.966	3.79799
35.966	3.79799
35.966	3.79799
35.8361	3.79131
35.97	3.78724
36.0542	3.78197
36.1363	3.77944
36.1796	3.77522
36.2371	3.77158
36.3363	3.76652
36.3363	3.76652
36.3513	3.75962
36.4623	3.75583
36.6663	3.75007
36.6663	3.75007
36.6408	3.74395
36.6393	3.74024
36.9217	3.73436
36.9149	3.73023
37.0228	3.72315
37.1105	3.7201
37.1451	3.71731
37.1451	3.71731
37.191	3.70754
37.2512	3.70457
37.2512	3.70457
37.3519	3.69581
37.4096	3.69192
37.5367	3.68853
37.5367	3.68853
37.5619	3.68057
37.6613	3.6769
37.7155	3.67294
37.61	3.66928
37.7959	3.66503
37.8642	3.66182
37.8866	3.65856
37.9927	3.65378
38.1085	3.65028
38.1085	3.65028
38.1085	3.65028
37.8819	3.64238
38.0659	3.63631
38.0659	3.63631
38.2222	3.6266
38.2977	3.62346
38.2977	3.62346
38.2977	3.62346
38.2374	3.6148
38.4294	3.60776
38.4516	3.60542
38.4516	3.60542
38.4134	3.59906
38.6995	3.59217
38.6995	3.59217
38.8076	3.5832
38.6825	3.58042
38.9488	3.5764
38.9488	3.5764
38.9491	3.56793
39.0337	3.56424
38.9824	3.56223
38.8757	3.55953
39.1983	3.55209
39.1983	3.55209
39.2161	3.54589
39.2161	3.54589
39.2323	3.5369
39.3871	3.53339
39.4028	3.5298
39.4181	3.52477
39.4371	3.52129
39.4371	3.52129
39.4732	3.51614
39.5843	3.50947
39.6174	3.50663
39.5228	3.50374
39.7701	3.49694
39.8219	3.49341
39.731	3.49176
39.7484	3.48567
39.8053	3.48184
39.8053	3.48184
39.8527	3.47402
39.9419	3.47019
40.059	3.46672
39.9556	3.46206
40.0195	3.45862
40.0815	3.45444
39.9698	3.45126
39.9941	3.44692
40.1462	3.44233
40.1554	3.43845
40.0824	3.43579
40.2656	3.43121
40.2571	3.42786
40.259	3.42377
40.34	3.41938
40.2537	3.41559
40.4339	3.41176
40.4119	3.40753
40.3069	3.4049
40.4278	3.40013
40.4462	3.39578
40.4462	3.39578
40.5453	3.3887
40.6411	3.38465
40.6632	3.38136
40.5772	3.37695
40.7353	3.37284
40.7151	3.36887
40.6962	3.36498
40.7199	3.36036
40.7951	3.35664
40.8854	3.35417
40.8854	3.35417
40.9224	3.34583
40.9224	3.34583
40.9472	3.33768
41.0013	3.33418
41.0036	3.33175
40.8947	3.32883
41.0486	3.32241
41.0939	3.31888
41.1124	3.31567
41.0222	3.31275
40.9659	3.30575
41.27	3.30295
41.1491	3.29855
41.2693	3.29389
41.1909	3.29089
41.2162	3.2865
41.3156	3.28217
41.3768	3.27934
41.3611	3.27517
41.3432	3.27119
41.4023	3.26736
41.4023	3.26736
41.3966	3.25957
41.4711	3.25526
41.4711	3.25526
41.488	3.24812
41.5631	3.2447
41.6638	3.23928
41.6915	3.23681
41.6761	3.23216
41.6909	3.22807
41.6909	3.22807
41.6922	3.22038
41.6922	3.22038
41.6655	3.21353
41.6386	3.20839
41.7472	3.20466
41.7859	3.20205
41.7724	3.1958
41.8241	3.19211
41.8449	3.18968
41.8449	3.18968
41.8999	3.1801
41.8966	3.17667
41.9364	3.1727
41.9727	3.17003
41.9492	3.16454
41.97	3.16052
42.0378	3.15774
42.0113	3.15308
42.055	3.1487
42.055	3.1487
42.0086	3.14142
42.0835	3.13849
42.0835	3.13849
42.0835	3.13849
42.079	3.12593
42.0983	3.12272
42.1409	3.11948
42.1409	3.11948
42.1279	3.11004
42.1362	3.10678
42.1413	3.10414
42.1625	3.09819
42.1524	3.09474
42.1489	3.09216
42.1365	3.08694
42.1708	3.0826
42.1708	3.0826
42.1858	3.07496
42.2066	3.0713
42.2066	3.0713
42.1818	3.06395
42.1912	3.05984
42.2679	3.05568
42.1241	3.0527
42.1926	3.0485
42.196	3.04422
42.1857	3.04079
42.2427	3.0368
42.3022	3.03233
42.3022	3.03233
42.2748	3.0247
42.0136	3.02099
42.114	3.01788
42.3978	3.01301
42.3715	3.00935
42.2648	3.0061
42.2868	3.00234
42.3272	2.99759
42.3074	2.99436
42.3044	2.98869
42.3501	2.98621
42.3501	2.98621
42.3013	2.97777
42.3249	2.9748
42.3251	2.96973
42.2913	2.96551
42.3003	2.96235
42.4058	2.95647
42.2872	2.95456
42.4466	2.94762
42.4329	2.94507
42.3584	2.94259
42.4433	2.93621
42.3182	2.93428
42.3253	2.93103
42.3013	2.92512
42.3013	2.92512
42.262	2.91983
42.3494	2.91471
42.2748	2.912
42.2948	2.90591
42.2922	2.90394
42.328	2.89706
42.2605	2.89504
42.3911	2.88804
42.3179	2.88665
42.3179	2.88665
42.3635	2.87688
42.2941	2.87503
42.3783	2.86848
42.3783	2.86848
42.3783	2.86848
42.3901	2.85705
42.3118	2.85454
42.3171	2.84894
42.3171	2.84894
42.2245	2.84112
42.2482	2.83784
42.1622	2.83688
42.2153	2.83023
42.139	2.82831
42.2101	2.82146
42.2359	2.81889
42.1761	2.81684
42.27	2.81035
42.1821	2.80835
42.2161	2.80205
42.1956	2.79927
42.1368	2.79754
42.1883	2.7907
42.1051	2.78874
42.2129	2.78282
41.9567	2.7804
42.0341	2.77896
42.2203	2.77228
42.1402	2.77034
42.1516	2.76394
42.1802	2.76208
41.8118	2.75925
42.0773	2.75302
41.8446	2.75077
41.8973	2.74443
42.0408	2.74236
41.9559	2.73951
42.0771	2.73344
42.0084	2.73169
42.0462	2.72491
42.0462	2.72491
41.8837	2.72017
42.0011	2.7136
41.8376	2.71135
41.9074	2.70891
41.9126	2.70327
41.9126	2.70327
41.944	2.69453
41.8777	2.69272
41.8931	2.68634
41.8957	2.68403
41.8439	2.67737
41.8454	2.67498
41.7767	2.67287
41.8553	2.66541
41.8553	2.66541
41.7987	2.65699
41.8983	2.65488
41.71	2.65231
41.7738	2.64572
41.7835	2.64293
41.6846	2.63792
41.7253	2.63435
41.6279	2.63364
41.7162	2.62716
41.6609	2.62543
41.5702	2.62179
41.6491	2.61674
41.5871	2.61443
41.6065	2.60769
41.5401	2.60568
41.5401	2.60568
41.551	2.59704
41.4535	2.59486
41.4499	2.58773
41.4118	2.58656
41.4736	2.57971
41.4012	2.57772
41.4012	2.57772
41.4116	2.5689
41.4116	2.5689
41.3798	2.55997
41.3687	2.55733
41.2922	2.55513
41.3511	2.5488
41.2931	2.54678
41.3161	2.54033
41.2488	2.53844
41.2488	2.53844
41.1918	2.52974
41.1918	2.52974
41.179	2.52179
41.179	2.52179
41.0758	2.51729
41.1261	2.511
40.9399	2.50841
41.004	2.50605
41.0554	2.50021
40.9835	2.49772
41.0309	2.49087
40.97	2.48946
40.9595	2.48213
40.8815	2.48078
40.9747	2.4739
40.9747	2.4739
40.8494	2.46963
40.8947	2.46269
40.8168	2.46057
40.805	2.4543
40.7768	2.45139
40.7768	2.45139
40.7762	2.44307
40.7762	2.44307
40.6801	2.43514
40.6927	2.43133
40.5945	2.43083
40.5945	2.43083
40.5043	2.42231
40.5043	2.42231
40.4751	2.41331
40.4714	2.4114
40.4714	2.4114
40.4153	2.4027
40.3131	2.39938
40.2511	2.39407
40.3183	2.3924
40.3584	2.38549
40.2438	2.38353
40.2835	2.37655
40.2268	2.375
40.091	2.3737
39.808	2.38031
39.6513	2.38303
39.4916	2.38905
39.3604	2.39192
39.2827	2.39419
39.0771	2.3994
38.9325	2.40309
38.7753	2.4084
38.6597	2.4115
38.5768	2.41322
38.4201	2.41865
38.3539	2.41996
38.1795	2.4275
38.0995	2.42873
38.012	2.43081
37.8327	2.4381
37.7957	2.43936
37.7187	2.44248
37.5544	2.44799
37.5345	2.45127
37.3389	2.45746
37.2897	2.45902
37.1088	2.46608
37.0738	2.46796
36.8939	2.47399
36.8328	2.47663
36.8264	2.47857
36.6999	2.48575
36.5635	2.4878
36.4647	2.49334
36.4284	2.49763
36.4037	2.49923
36.1881	2.50543
36.152	2.50834
36.0686	2.51407
36.0038	2.51667
36.0038	2.51667
35.8568	2.52417
35.8568	2.52417
35.8485	2.5279
35.7405	2.53482
35.681	2.53699
35.5038	2.54361
35.4672	2.54531
35.4441	2.548
35.3182	2.55444
35.2818	2.55599
35.1655	2.56299
35.1455	2.56434
35.0996	2.57163
35.025	2.57328
34.9578	2.57593
34.8666	2.58256
34.8483	2.5844
34.7421	2.59208
34.7094	2.59362
34.7094	2.59362
34.6439	2.60255
34.5942	2.60422
34.4607	2.61056
34.4239	2.61277
34.4833	2.61436
34.3155	2.6213
34.3927	2.62236
34.2312	2.62929
34.1337	2.63072
34.2746	2.63424
34.1071	2.6406
34.1439	2.64183
34.1042	2.64525
33.9738	2.65049
34.0562	2.65367
33.8998	2.65994
33.8821	2.66202
33.6985	2.66896
33.6985	2.66896
33.6596	2.67717
33.6303	2.68005
33.6303	2.68005
33.5278	2.68929
33.5095	2.6911
33.3239	2.69754
33.43	2.70042
33.43	2.70042
33.36	2.70833
33.3208	2.71127
33.3041	2.71588
33.2272	2.71955
33.3158	2.72078
33.1584	2.72721
33.1584	2.72721
33.0694	2.73575
33.129	2.7378
33.1317	2.73996
32.9006	2.74647
33.1085	2.7486
32.8637	2.75463
32.8124	2.75692
33.0292	2.75965
32.8383	2.76597
32.8383	2.76597
32.7737	2.77472
32.7666	2.77652
32.7666	2.77652
32.7365	2.78506
32.7983	2.78716
32.6393	2.79422
32.6393	2.79422
32.6393	2.79422
32.558	2.80492
32.558	2.80492
32.4635	2.81364
32.4635	2.81364
32.4635	2.81364
32.4364	2.82412
32.4858	2.82636
32.4453	2.82896
32.4317	2.83439
32.4317	2.83439
32.4812	2.84052
32.4344	2.8454
32.412	2.84811
32.3078	2.85425
32.3047	2.85678
32.2374	2.86305
32.2894	2.86493
32.2144	2.87157
32.2144	2.87157
32.1471	2.8801
32.1167	2.88239
32.1167	2.88239
32.0555	2.89151
32.012	2.89462
32.0168	2.89945
31.979	2.90355
32.0272	2.90574
31.9557	2.91122
31.9425	2.91419
31.9265	2.91935
31.9024	2.92254
31.9802	2.92355
31.8851	2.92979
31.8851	2.92979
31.8851	2.92979
31.8683	2.94108
31.8683	2.94108
31.7572	2.94979
31.8473	2.95183
31.8473	2.95183
31.7932	2.96017
31.8501	2.96236
31.6803	2.96936
31.8206	2.97092
31.6319	2.97783
31.6756	2.97897
31.7653	2.98166
31.6481	2.98859
31.6957	2.99063
31.653	2.99757
31.635	3.00051
31.6917	3.00232
31.5565	3.00875
31.5438	3.01051
31.5079	3.01711
31.598	3.01939
31.598	3.01939
31.5407	3.02717
31.6029	3.02917
31.4598	3.0357
31.6152	3.03755
31.6736	3.04001
31.5285	3.04671
31.5285	3.04671
31.6102	3.05182
31.5191	3.05723
31.5191	3.05723
31.4152	3.06605
31.464	3.06788
31.4799	3.07453
31.33	3.07635
31.4433	3.08302
31.3842	3.08529
31.4735	3.08755
31.3021	3.09429
31.3565	3.09648
31.1732	3.10247
31.2871	3.10546
31.3708	3.10715
31.2011	3.11396
31.2725	3.11692
31.1461	3.12206
31.1461	3.12206
31.4642	3.12632
31.2332	3.13259
31.3328	3.13452
31.3328	3.13452
31.2306	3.14331
31.3537	3.14537
31.2605	3.15236
31.3151	3.15354
31.1553	3.16002
31.2124	3.16248
31.2124	3.16248
31.1325	3.17135
31.1941	3.17341
31.1406	3.17988
31.1229	3.1822
31.2212	3.18452
31.099	3.19108
31.1657	3.19364
31.0379	3.20144
31.0133	3.20368
31.1491	3.20572
31.0633	3.2122
31.1176	3.214
31.022	3.22045
31.0739	3.22251
31.0739	3.22251
31.0458	3.23096
31.11	3.23281
31.029	3.23951
31.029	3.23951
30.9668	3.24747
31.0476	3.25048
31.1416	3.25253
30.9702	3.25878
31.0834	3.26055
31.0834	3.26055
31.0232	3.26965
31.0232	3.26965
30.9716	3.27822
31.045	3.28032
31.1294	3.28265
31.0091	3.28885
31.1071	3.29096
31.0228	3.29774
31.0228	3.29774
31.1307	3.30222
31.0015	3.30918
31.0958	3.31064
30.935	3.31671
30.9888	3.31952
30.8835	3.32531
30.9624	3.32828
31.0529	3.32956
30.9503	3.33632
31.0132	3.33868
31.0132	3.33868
30.8908	3.34756
30.9579	3.35002
30.8365	3.35669
30.9488	3.35947
30.9972	3.36097
30.8432	3.36756
30.8959	3.37004
30.7354	3.37623
30.9215	3.37857
30.886	3.38397
30.886	3.38397
31.0176	3.38828
30.8727	3.39469
30.8439	3.3967
31.0883	3.39931
30.8582	3.40636
30.9351	3.40783
30.7809	3.41481
30.8731	3.41696
30.788	3.42352
30.7534	3.42666
30.9117	3.42873
30.776	3.43338
30.8675	3.43616
30.8675	3.43616
30.7956	3.44411
30.7956	3.44411
30.763	3.45396
30.8015	3.4551
30.8015	3.4551
30.7043	3.46468
30.8579	3.46665
30.6559	3.47349
30.7142	3.47569
30.656	3.48239
30.7102	3.48398
30.773	3.4867
30.6316	3.4934
30.8423	3.49563
30.612	3.50148
30.7098	3.50411
30.679	3.50665
30.679	3.50665
30.679	3.50665
30.5531	3.52136
30.771	3.52382
30.7372	3.52892
30.7372	3.52892
30.7372	3.52892
30.693	3.53936
30.8135	3.54157
30.7079	3.54775
30.7079	3.54775
30.8368	3.55277
30.6801	3.55948
30.757	3.56203
30.6242	3.5682
30.6952	3.57049
30.6952	3.57049
30.6348	3.57901
30.7145	3.58085
30.5931	3.58724
30.6979	3.58878
30.6979	3.58878
30.5565	3.5977
30.7103	3.59953
30.7103	3.59953
30.6591	3.60827
30.6591	3.60827
30.6538	3.61689
30.5239	3.61984
30.4054	3.62617
30.7148	3.62811
30.6698	3.6307
30.5763	3.63677
30.6402	3.63905
30.5522	3.64505
30.6059	3.64706
30.6648	3.64977
30.5338	3.65661
30.6182	3.65823
30.6182	3.65823
30.5049	3.66746
30.6536	3.66965
30.4338	3.67652
30.5083	3.67811
30.4072	3.68474
30.5274	3.68614
30.6059	3.68837
30.4979	3.69477
30.573	3.697
30.4104	3.70415
30.489	3.70572
30.5961	3.70809
30.4623	3.71459
30.4623	3.71459
30.272	3.72325
30.4649	3.72639
30.4649	3.72639
30.43	3.73571
30.4728	3.73663
30.408	3.74287
30.5217	3.74445
30.6039	3.74726
30.4225	3.754
30.4669	3.75613
30.5821	3.7588
30.4503	3.76519
30.5389	3.76751
30.5012	3.77341
30.5012	3.77341
30.391	3.78206
30.4552	3.78424
30.3816	3.78994
30.4579	3.79236
30.5317	3.79484
30.3897	3.80135
30.3897	3.80135
30.4892	3.80649
30.3262	3.81331
30.4018	3.81563
30.322	3.82174
30.4018	3.82437
30.3614	3.82967
30.3445	3.83228
30.4247	3.83449
30.3457	3.84004
30.3457	3.84004
30.4477	3.84458
30.3521	3.85029
30.3521	3.85029
30.2533	3.85982
30.4003	3.86146
30.3749	3.86424
30.2224	3.87083
30.1476	3.87325
30.0417	3.87954
30.2785	3.88164
30.176	3.88791
30.176	3.88791
30.176	3.88791
30.1787	3.89869
30.2261	3.90089
30.1457	3.90728
30.1457	3.90728
30.1263	3.91528
30.1263	3.91528
30.2016	3.92099
30.0883	3.9271
30.0883	3.9271
30.0474	3.93512
30.0417	3.93828
30.1953	3.93905
30.0301	3.94473
30.1585	3.94672
30.2918	3.95005
30.0894	3.95577
30.2365	3.95771
30.2365	3.95771
30.1377	3.96628
30.2241	3.96948
30.0836	3.97543
30.2253	3.97762
29.9722	3.9842
30.1566	3.9863
30.0264	3.99271
30.0935	3.99479
30.0935	3.99479
29.9488	4.00434
29.9259	4.00676
30.0549	4.0097
29.8515	4.01645
29.9576	4.01869
30.0704	4.02088
29.7838	4.02705
30.1172	4.02909
30.0954	4.03182
29.9434	4.03626
30.0747	4.03956
29.9491	4.04405
30.0473	4.04752
29.9871	4.05135
29.9203	4.05578
30.0135	4.05919
29.9027	4.0631
30.0023	4.06752
29.8078	4.0741
29.8746	4.0761
30.2539	4.07579
30.4613	4.07253
30.6231	4.06978
30.8902	4.06289
31.0573	4.05942
31.1373	4.0572
31.1373	4.0572
31.3608	4.04881
31.3965	4.047
31.3965	4.047
31.4502	4.04054
31.6832	4.03646
31.5268	4.03231
31.8517	4.02815
32.0752	4.02466
32.0752	4.02466
32.2299	4.01698
32.153	4.0164
32.1692	4.01295
32.3914	4.00623
32.5703	4.00333
32.5799	4.00051
32.5947	3.99677
32.5947	3.99677
32.7679	3.98675
32.8605	3.98461
32.8787	3.98106
32.912	3.97768
33.1292	3.97105
33.148	3.96819
33.148	3.96819
33.1576	3.96219
33.3807	3.95466
33.3256	3.95265
33.4318	3.94946
33.6757	3.94276
33.6192	3.94057
33.6731	3.9379
33.9541	3.93048
33.9776	3.9274
33.9776	3.9274
34.0277	3.92134
34.2282	3.91452
34.2996	3.9111
34.3323	3.90765
34.3323	3.90765
34.4372	3.89915
34.4796	3.89535
34.3868	3.89226
34.5898	3.88756
34.6376	3.88382
34.8406	3.88085
34.5123	3.8787
34.9267	3.87172
34.9579	3.86911
34.8828	3.86766
35.0811	3.8603
35.1848	3.85719
35.0312	3.85426
35.277	3.84853
35.3581	3.84448
35.4691	3.84096
35.381	3.8373
35.5361	3.83286
35.5765	3.82924
35.6953	3.82553
35.6953	3.82553
35.7775	3.81776
35.9351	3.81408
35.8291	3.81126
35.9316	3.80586
36.0286	3.80219
36.1423	3.79848
36.0692	3.79431
36.2166	3.78998
36.262	3.78664
36.2698	3.78401
36.3585	3.77891
36.4785	3.7749
36.4038	3.77273
36.3274	3.77117
36.6198	3.76352
36.6397	3.76009
36.6782	3.75801
36.6171	3.75465
36.887	3.74749
36.887	3.74749
36.6251	3.74288
36.9925	3.73645
37.0844	3.73235
37.0844	3.73235
37.0844	3.73235
37.2806	3.71972
37.3442	3.71672
37.3442	3.71672
37.3442	3.71672
37.3442	3.71672
37.5249	3.70127
37.4374	3.69911
37.4374	3.69911
37.5994	3.68891
37.6331	3.68617
37.6609	3.68419
37.5513	3.68132
37.7887	3.67444
37.7887	3.67444
37.7887	3.67444
37.8402	3.66547
38.019	3.65855
38.019	3.65855
38.019	3.65855
37.9982	3.64934
38.2827	3.64198
38.2178	3.6395
38.2873	3.63689
38.4056	3.63
38.2151	3.62701
38.5028	3.62224
38.3204	3.61858
38.4387	3.61446
38.4999	3.611
38.6686	3.60674
38.6992	3.60306
38.725	3.59874
38.4331	3.59562
38.7097	3.59135
38.7658	3.58731
38.7975	3.58394
38.9214	3.57974
39.017	3.57585
38.9055	3.5725
39.0692	3.56819
39.1294	3.56343
39.1733	3.55948
39.219	3.55622
39.2429	3.55242
39.2921	3.54871
39.2921	3.54871
39.1984	3.54485
39.4396	3.53734
39.484	3.53448
39.484	3.53448
39.3736	3.52951
39.4802	3.52341
39.4269	3.521
39.6581	3.5139
39.732	3.51068
39.732	3.51068
39.6427	3.5053
39.8525	3.4982
39.8525	3.4982
39.8133	3.49245
39.9917	3.48534
39.9917	3.48534
40.0642	3.4792
40.0642	3.4792
40.0229	3.47034
40.2027	3.46638
40.1968	3.46269
40.1968	3.46269
40.197	3.45412
39.9946	3.45102
40.1877	3.44654
40.2485	3.44287
40.2485	3.44287
40.2093	3.43558
40.3432	3.43121
40.2611	3.42793
40.3463	3.42432
40.4476	3.4197
40.5126	3.41512
40.4483	3.41198
40.4803	3.40823
40.6115	3.40376
40.6115	3.40376
40.6403	3.39612
40.7136	3.39214
40.7118	3.38852
40.6933	3.38464
40.6847	3.38105
40.7433	3.37699
40.7889	3.37263
40.9128	3.36882
40.9128	3.36882
40.8754	3.36131
41.0136	3.3566
41.0431	3.3534
40.8953	3.34965
41.0252	3.34493
41.0994	3.34117
41.0994	3.34117
41.2018	3.33318
41.2466	3.32915
41.2466	3.32915
41.1871	3.32162
41.2615	3.31895
41.131	3.31654
41.2233	3.31003
41.317	3.30674
41.317	3.30674
41.3103	3.2982
41.3773	3.29383
41.4025	3.29114
41.4025	3.29114
41.3893	3.28552
41.462	3.27886
41.5003	3.27576
41.5751	3.27325
41.5642	3.26732
41.63	3.26382
41.6242	3.26075
41.5955	3.2548
41.6705	3.25244
41.5029	3.24732
41.585	3.24397
41.4593	3.2405
41.7038	3.23653
41.7479	3.2321
41.8256	3.22826
41.8263	3.22445
41.7254	3.22099
41.6046	3.21646
41.7673	3.21294
41.7527	3.20925
42.0007	3.20306
42.0007	3.20306
42.0007	3.20306
42.0007	3.20306
41.9643	3.18777
41.9643	3.18777
41.994	3.18044
41.9202	3.17748
41.9085	3.17303
41.9561	3.16873
41.9581	3.16474
41.9498	3.16158
42.0449	3.15546
42.0449	3.15546
42.0449	3.15546
42.1161	3.14562
42.0079	3.1424
42.0732	3.13828
42.0425	3.1337
42.0346	3.13027
42.0976	3.12644
42.1434	3.12151
42.1434	3.12151
42.1688	3.11482
42.2234	3.10985
42.2407	3.1068
42.1436	3.10274
42.3358	3.09852
42.259	3.0959
42.2934	3.09104
42.3211	3.08676
42.2076	3.08367
42.241	3.07948
42.3289	3.07517
42.0066	3.07205
42.298	3.06811
42.298	3.06811
42.2294	3.06057
42.2744	3.05567
42.2629	3.0523
42.3032	3.04862
42.5138	3.0419
42.4175	3.03958
42.4052	3.03673
42.4797	3.02915
42.4263	3.02701
42.5549	3.02148
42.5549	3.02148
42.4188	3.01663
42.5484	3.0103
42.4061	3.00836
42.4567	3.0019
42.4974	2.99919
42.5409	2.99346
42.4045	2.99111
42.4563	2.98893
42.4653	2.98225
42.4653	2.98225
42.5168	2.97376
42.5168	2.97376
42.4216	2.96875
42.535	2.96265
42.2868	2.9603
42.4424	2.95442
42.4779	2.95134
42.5241	2.94904
42.465	2.9433
42.3874	2.94216
42.4679	2.9357
42.4679	2.9357
42.4373	2.93078
42.5065	2.92439
42.4508	2.92254
42.4782	2.91584
42.4765	2.91335
42.4765	2.91335
42.4662	2.90524
42.4662	2.90524
42.4658	2.89617
42.4025	2.89444
42.3151	2.89216
42.3954	2.88542
42.3452	2.88366
42.3786	2.87693
42.3786	2.87693
42.413	2.8686
42.413	2.8686
42.413	2.8686
42.4017	2.85713
42.4017	2.85713
42.3915	2.84885
42.3915	2.84885
42.3058	2.84471
42.318	2.83805
42.318	2.83805
42.3916	2.82975
42.2487	2.82741
42.0606	2.82528
42.3189	2.81877
42.0703	2.81698
42.2985	2.8104
42.1945	2.80807
42.269	2.80578
42.2432	2.79915
42.2432	2.79915
42.2849	2.79079
42.2849	2.79079
42.2849	2.79079
42.2298	2.7794
42.1291	2.77764
42.1525	2.77118
42.1855	2.7694
42.1224	2.76703
42.1886	2.7607
42.0824	2.75866
42.1113	2.75221
42.1356	2.75016
42.0596	2.74745
42.1087	2.74105
42.0246	2.73892
41.9451	2.73241
42.0862	2.73013
41.9809	2.72778
42.046	2.72159
41.9721	2.71966
42.0229	2.71285
42.0229	2.71285
42.0229	2.71285
41.9593	2.70272
41.8538	2.70007
41.9157	2.69335
41.9949	2.69177
41.8667	2.68934
41.899	2.68232
41.899	2.68232
41.9074	2.67421
41.8238	2.67224
41.87	2.66491
41.87	2.66491
41.87	2.66491
41.8206	2.65399
41.8206	2.65399
41.7902	2.64579
41.7698	2.64301
41.6785	2.64095
41.7557	2.63548
41.7557	2.63548
41.7097	2.62712
41.6991	2.62396
41.6012	2.62214
41.6659	2.61543
41.6191	2.61412
41.5453	2.61094
41.6191	2.60481
41.6191	2.60481
41.6229	2.59592
41.5496	2.59435
41.5697	2.58685
41.5697	2.58685
41.2944	2.58272
41.3599	2.57611
41.4713	2.5748
41.476	2.56779
41.476	2.56779
41.2428	2.56377
41.431	2.55649
41.2939	2.55479
41.3622	2.54827
41.3437	2.54575
41.295	2.54389
41.3499	2.53709
41.2553	2.53578
41.3101	2.52919
41.2091	2.52669
41.2091	2.52669
41.2078	2.5187
41.1473	2.51668
41.1548	2.51047
41.1548	2.51047
41.0532	2.50576
41.1	2.49917
41.0086	2.49689
41.0574	2.49044
40.8379	2.48792
40.963	2.48598
40.963	2.48598
40.9093	2.47737
40.8375	2.47461
40.8762	2.46896
40.8762	2.46896
40.639	2.46326
40.8297	2.4579
40.7717	2.45551
40.7519	2.44942
40.6836	2.44693
40.6757	2.44379
40.6613	2.43824
40.587	2.43584
40.5982	2.43168
40.5836	2.4267
40.5554	2.42346
40.3683	2.42684
40.1231	2.43219
40.0807	2.4352
39.7811	2.44147
39.6543	2.44334
39.4954	2.45064
39.3522	2.45198
39.2832	2.45488
39.0728	2.46078
39.0644	2.46357
38.808	2.47028
38.7247	2.47239
38.6499	2.47428
38.4444	2.4805
38.3989	2.48318
38.1926	2.48926
38.1658	2.49256
37.9969	2.49822
37.8928	2.50093
37.8902	2.50229
37.6826	2.50859
37.5852	2.51042
37.4314	2.51287
37.3875	2.52029
37.3488	2.52214
37.1771	2.52412
37.0073	2.53035
37.1385	2.53274
36.7654	2.53942
36.9552	2.54166
36.7147	2.54776
36.7135	2.54933
36.564	2.55547
36.564	2.55547
36.5389	2.55978
36.2888	2.56609
36.2764	2.5692
36.2673	2.57254
36.1035	2.57842
36.0911	2.58115
35.9622	2.58683
35.9068	2.59038
35.8199	2.59565
35.7841	2.59809
35.7018	2.60336
35.6865	2.60551
35.6432	2.6074
35.4752	2.6134
35.542	2.61572
35.4494	2.61833
35.2975	2.625
35.2975	2.625
35.3214	2.63055
35.1653	2.63639
35.0783	2.63855
35.0526	2.64444
35.0225	2.64725
34.8049	2.65334
34.8848	2.65442
34.9655	2.65745
34.7351	2.66328
34.8374	2.66549
34.5997	2.67329
34.5997	2.67329
34.601	2.67717
34.473	2.68376
34.473	2.68376
34.3493	2.69293
34.3314	2.69515
34.2444	2.70066
34.228	2.70413
34.228	2.70413
34.1093	2.71127
34.1707	2.71335
34.0464	2.71997
33.9766	2.72202
34.0374	2.72445
33.9084	2.73106
33.8918	2.73386
33.8311	2.73982
33.7842	2.74223
33.8657	2.74427
33.6717	2.75091
33.6744	2.75298
33.5883	2.75825
33.5949	2.76069
33.5949	2.76069
33.5257	2.76951
33.5257	2.76951
33.5062	2.77859
33.5062	2.77859
33.5062	2.77859
33.4566	2.78897
33.4566	2.78897
33.2988	2.79777
33.2917	2.80033
33.2045	2.80628
33.2045	2.80628
33.2814	2.81054
33.1695	2.81694
33.2291	2.81953
33.2291	2.81953
33.0682	2.82841
33.0682	2.82841
33.0077	2.83727
33.0077	2.83727
33.0077	2.83727
32.9387	2.84816
32.92	2.8494
32.7738	2.85651
32.8891	2.85762
32.871	2.86032
32.7147	2.8662
32.7656	2.86867
32.6853	2.8759
32.6853	2.8759
32.7077	2.88003
32.5864	2.88694
32.6721	2.8887
32.5601	2.89528
32.5601	2.89528
32.3947	2.90379
32.6065	2.90609
32.6065	2.90609
32.5603	2.91401
32.5575	2.91582
32.4424	2.92269
32.4219	2.92516
32.4805	2.92696
32.2458	2.9347
32.4552	2.93696
32.2973	2.94348
32.2973	2.94348
32.3069	2.94726
32.2056	2.95412
32.2523	2.95635
32.1726	2.96123
32.1726	2.96123
32.2581	2.96617
32.0818	2.97292
32.1583	2.97446
32.0667	2.98158
32.0667	2.98158
32.1431	2.98504
32.0528	2.99227
32.0528	2.99227
32.0185	3.0012
32.0185	3.0012
31.9869	3.00927
31.9737	3.01156
32.0517	3.01346
31.9484	3.02022
31.9367	3.02218
32.0289	3.02494
31.888	3.03093
31.9779	3.03378
31.9487	3.03614
31.8571	3.04261
31.9169	3.04455
31.7749	3.05107
31.8555	3.05298
31.7884	3.05919
31.8448	3.06091
31.8999	3.06327
31.7793	3.06945
31.8593	3.07153
31.7123	3.07899
31.764	3.0803
31.8203	3.08294
31.6839	3.08957
31.7725	3.09148
31.6663	3.098
31.6208	3.10125
31.6375	3.10629
31.6387	3.10968
31.7144	3.11087
31.6278	3.11686
31.6961	3.1188
31.5657	3.12545
31.4541	3.12814
31.6702	3.13007
31.6175	3.13709
31.5992	3.13963
31.4926	3.14525
31.3538	3.14746
31.5686	3.14981
31.4856	3.15647
31.5556	3.15824
31.4843	3.16398
31.4353	3.16609
31.6732	3.16883
31.453	3.1755
31.5486	3.17774
31.488	3.18396
31.5505	3.1863
31.5916	3.1881
31.2953	3.1945
31.4512	3.19716
31.317	3.20451
31.3859	3.20691
31.2612	3.21287
31.3446	3.21487
31.3446	3.21487
31.2608	3.2237
31.3631	3.22578
31.3556	3.22867
31.2089	3.23534
31.2528	3.23718
31.3303	3.23954
31.2861	3.24615
31.2277	3.24801
31.2272	3.25472
31.2728	3.25651
31.1744	3.26326
31.2741	3.26514
31.3319	3.26744
31.1977	3.27283
31.2538	3.27511
31.1459	3.28214
31.2582	3.28414
31.2582	3.28414
31.2884	3.29342
31.0698	3.29475
31.0698	3.29475
31.0698	3.29475
31.1476	3.31011
31.1476	3.31011
31.2611	3.31393
31.186	3.3208
31.186	3.3208
31.1508	3.32936
31.1508	3.32936
31.2403	3.33394
31.1699	3.34099
31.1699	3.34099
31.2417	3.34477
31.1296	3.35131
31.1296	3.35131
31.0434	3.35974
31.179	3.36226
31.0605	3.36835
31.1047	3.36988
31.2046	3.37149
31.0672	3.37898
31.0672	3.37898
30.9812	3.38801
31.096	3.39032
31.1802	3.39228
31.054	3.39812
31.054	3.39812
31.0431	3.40771
30.9909	3.40999
31.125	3.41531
31.0268	3.41781
31.1305	3.41964
31.0449	3.42684
31.1099	3.42901
31.1099	3.42901
30.9901	3.43799
31.073	3.43975
31.1251	3.44249
30.9901	3.44844
31.1482	3.45132
30.8865	3.45734
31.0065	3.45925
30.8916	3.46585
30.9801	3.46743
30.9801	3.46743
30.9193	3.47603
30.9959	3.47822
30.8855	3.48534
30.8855	3.48534
30.9865	3.48951
30.88	3.49633
30.982	3.49843
30.8194	3.50509
30.8194	3.50509
30.8194	3.50509
30.8506	3.51675
30.9472	3.51798
30.9472	3.51798
30.9472	3.51798
30.8905	3.53235
30.8079	3.53465
30.8079	3.53465
30.6538	3.54359
31.0108	3.54592
30.95	3.54812
30.8543	3.55489
30.9251	3.55634
30.7385	3.56353
30.887	3.56535
30.8407	3.57143
30.9148	3.573
30.8321	3.58008
30.8321	3.58008
30.9337	3.58453
30.844	3.59116
30.844	3.59116
30.838	3.59886
30.7484	3.60228
30.8312	3.60445
30.8159	3.6109
30.7677	3.6137
30.7532	3.61859
30.7532	3.61859
30.8465	3.6235
30.7517	3.62932
30.8636	3.63128
30.8636	3.63128
30.7993	3.64006
30.9178	3.64243
30.9178	3.64243
30.7521	3.65019
30.885	3.65387
30.8209	3.65919
30.9014	3.66162
30.6781	3.66831
30.7892	3.67028
30.7892	3.67028
30.7292	3.6785
30.6588	3.68051
30.7612	3.68801
30.7612	3.68801
30.8359	3.69179
30.6345	3.69936
30.7706	3.70124
30.6554	3.70784
30.5834	3.71033
30.5596	3.71596
30.5596	3.71596
30.711	3.71993
30.6208	3.72625
30.6208	3.72625
30.4951	3.73595
30.4951	3.73595
30.6338	3.7405
30.5651	3.74688
30.6388	3.74911
30.6023	3.75531
30.5443	3.75798
30.5895	3.75993
30.5063	3.76675
30.5944	3.76856
30.4739	3.77453
30.5541	3.77597
30.5126	3.78251
30.5041	3.78486
30.5041	3.78486
30.4417	3.79423
30.5054	3.79604
30.4678	3.80244
30.4678	3.80244
30.5514	3.80719
30.3885	3.81364
30.4858	3.8156
30.4287	3.8219
30.4287	3.8219
30.5672	3.82631
30.472	3.83248
30.516	3.83411
30.5891	3.83714
30.4613	3.84321
30.5601	3.84542
30.6833	3.84824
30.5534	3.85378
30.4918	3.8564
30.4023	3.86256
30.543	3.86465
30.3757	3.87194
30.4746	3.8732
30.3197	3.87977
30.3197	3.87977
30.4383	3.88436
30.3015	3.89148
30.3015	3.89148
30.1466	3.89938
30.3477	3.90243
30.4242	3.90435
30.2169	3.91094
30.2816	3.9136
30.234	3.91934
30.234	3.91934
30.3789	3.92348
30.1308	3.92953
30.4182	3.93143
30.1365	3.93898
30.2658	3.94014
30.3791	3.94199
30.2087	3.94903
30.3362	3.95102
30.1806	3.9573
30.2682	3.95893
30.2682	3.95893
30.1391	3.96826
30.2382	3.97036
30.0857	3.97661
30.1735	3.97887
30.0647	3.98508
30.0647	3.98508
30.1392	3.99
29.9799	3.99675
30.083	3.99921
30.0725	4.00205
29.9694	4.00839
30.0916	4.01021
30.0386	4.01677
30.0386	4.01677
29.9392	4.02482
29.9392	4.02482
30.1343	4.02868
30.1343	4.02868
30.0385	4.03744
30.0385	4.03744
30.0385	4.03744
30.0385	4.03744
30.1138	4.0517
30.0437	4.05694
30.1793	4.05931
30.4428	4.05578
30.5964	4.05218
30.8315	4.04822
30.9103	4.04425
31.1032	4.03983
31.2814	4.0366
31.3773	4.03443
31.5848	4.02817
31.7813	4.02484
31.8233	4.02185
31.8495	4.01932
31.8495	4.01932
32.1242	4.01004
32.0672	4.00832
31.996	4.00555
32.3069	3.99948
32.3279	3.99683
32.3868	3.99322
32.3934	3.98929
32.5321	3.98537
32.6732	3.98019
32.7128	3.97746
32.7128	3.97746
32.5818	3.96998
33.1079	3.96399
33.1114	3.96095
33.1114	3.96095
33.1312	3.95464
33.2631	3.94778
33.4554	3.94507
33.5407	3.94179
33.5407	3.94179
33.6579	3.93315
33.556	3.92998
33.6599	3.92701
33.9715	3.91954
33.9715	3.91954
33.9708	3.91363
34.0858	3.90687
34.2266	3.90365
34.2875	3.89999
34.2875	3.89999
34.4197	3.89161
34.4197	3.89161
34.4681	3.88509
34.487	3.88215
34.5744	3.8765
34.7023	3.8723
34.7085	3.86965
34.837	3.86619
34.82	3.86017
34.9395	3.8575
34.966	3.85471
34.966	3.85471
35.1903	3.8452
35.2674	3.84312
35.1339	3.84052
35.4651	3.83309
35.4102	3.83038
35.2129	3.82846
35.4441	3.82531
35.6581	3.81798
35.6836	3.81464
35.713	3.81239
35.7153	3.8058
35.9943	3.80206
36.0124	3.79901
36.0124	3.79901
36.0124	3.79901
36.089	3.78719
36.3411	3.78386
36.2199	3.78099
36.3055	3.77446
36.4093	3.77103
36.4093	3.77103
36.4908	3.76299
36.5696	3.75961
36.5696	3.75961
36.4872	3.75511
36.788	3.74773
36.7293	3.74521
36.7396	3.74245
36.9165	3.73548
36.9971	3.73225
36.9068	3.72721
37.1021	3.72301
37.1208	3.71958
37.2206	3.71584
37.239	3.71106
37.3369	3.70731
37.3798	3.70454
37.3774	3.70161
37.5251	3.69608
37.5386	3.69227
37.5386	3.69227
37.6213	3.68589
37.7101	3.68054
37.713	3.67672
37.7695	3.67393
37.7076	3.67214
37.8018	3.66646
37.6402	3.6642
37.8824	3.66016
37.9734	3.65344
38.0876	3.65086
38.0876	3.65086
38.0876	3.65086
38.2691	3.63807
38.2106	3.63544
38.238	3.6333
38.3219	3.62624
38.391	3.62216
38.467	3.61986
38.467	3.61986
38.4833	3.61063
38.578	3.60711
38.6172	3.60411
38.5572	3.60226
38.756	3.59477
38.7693	3.59221
38.7693	3.59221
38.7693	3.59221
38.9097	3.57949
38.9819	3.57631
38.9076	3.57411
38.9076	3.57411
39.1655	3.5643
39.095	3.56247
39.095	3.56247
39.1902	3.55243
39.2295	3.54859
39.1806	3.54725
39.3694	3.54049
39.3939	3.53704
39.4844	3.53361
39.4844	3.53361
39.5777	3.52468
39.6164	3.52157
39.6164	3.52157
39.6385	3.51334
39.6615	3.50918
39.706	3.50503
39.7313	3.50362
39.6319	3.49735
39.8017	3.49376
39.8369	3.49063
39.7587	3.48913
39.9336	3.48255
39.9361	3.47861
39.8703	3.47666
39.9524	3.4708
40.1294	3.46623
40.1294	3.46623
40.0848	3.4601
40.2203	3.45422
40.2203	3.45422
40.193	3.44905
40.3724	3.44278
40.3687	3.43893
40.4475	3.43552
40.378	3.43311
40.496	3.42751
40.517	3.42382
40.5175	3.42081
40.5009	3.41525
40.5896	3.41135
40.6514	3.40771
40.6514	3.40771
40.6425	3.39933
40.7253	3.39582
40.7411	3.39302
40.6885	3.39155
40.7914	3.38432
40.8972	3.38092
40.8972	3.38092
40.691	3.37582
40.8399	3.3689
40.9415	3.36628
40.9415	3.36628
40.9077	3.35722
40.9572	3.35432
40.9572	3.35432
40.9333	3.3496
41.1098	3.34197
41.1098	3.34197
41.126	3.33602
41.1636	3.33013
41.1962	3.3263
41.2134	3.32385
41.2134	3.32385
41.3052	3.31451
41.3125	3.31088
41.3527	3.30807
41.3527	3.30807
41.407	3.29873
41.4664	3.29561
41.4664	3.29561
41.4664	3.29561
41.423	3.28348
41.6355	3.28056
41.5662	3.27849
41.5719	3.27141
41.5995	3.26854
41.5348	3.26701
41.5817	3.25964
41.6851	3.25643
41.5186	3.25393
41.657	3.24779
41.7182	3.24359
41.7045	3.24009
41.6865	3.23647
41.8246	3.2319
41.8255	3.22833
41.8606	3.22445
41.7854	3.22094
41.8242	3.21632
41.8955	3.21265
41.7619	3.20921
41.8928	3.20496
41.8928	3.20496
41.9279	3.19615
41.9934	3.19192
42.0669	3.1886
41.9174	3.1849
42.0353	3.18011
42.1038	3.17679
41.9824	3.173
42.0486	3.16925
42.0581	3.16474
42.0581	3.16474
42.0103	3.15725
42.0395	3.15359
42.046	3.15025
42.0999	3.14423
41.8512	3.14158
42.0697	3.13879
41.9051	3.1337
42.2224	3.13021
42.1285	3.12652
42.2223	3.12099
42.1377	3.11859
42.2572	3.11201
42.2572	3.11201
42.2572	3.11201
42.1028	3.10358
42.18	3.09769
42.18	3.09769
42.2199	3.09011
42.1267	3.0874
42.2185	3.08325
42.1969	3.07942
42.184	3.07643
42.271	3.07099
42.2692	3.06822
42.3608	3.06112
42.3018	3.05952
42.2873	3.05657
42.3953	3.05021
42.3953	3.05021
42.3953	3.05021
42.3572	3.04096
42.3917	3.03514
42.4189	3.03215
42.4985	3.02594
42.2104	3.02405
42.4111	3.02169
42.4952	3.01608
42.4192	3.01337
42.4192	3.01337
42.3621	3.00577
42.3881	3.00226
42.4465	2.99741
42.4465	2.99741
42.2919	2.9903
42.4823	2.9853
42.4823	2.9853
42.5152	2.975
42.4581	2.9735
42.3802	2.9712
42.4812	2.96427
42.412	2.96165
42.5716	2.95524
42.4747	2.95296
42.3756	2.95095
42.4732	2.94437
42.4732	2.94437
42.4732	2.94437
42.524	2.93244
42.4295	2.93033
42.511	2.9235
42.5288	2.92169
42.4831	2.91511
42.3803	2.91414
42.4729	2.90746
42.4729	2.90746
42.45	2.89926
42.4714	2.8961
42.4714	2.8961
42.4683	2.88787
42.4683	2.88787
42.4279	2.88002
42.4545	2.87649
42.4545	2.87649
42.4802	2.8685
42.4887	2.86541
42.5096	2.86091
42.4291	2.85831
42.3269	2.85639
42.4242	2.84989
42.3526	2.84774
42.4086	2.84153
42.4086	2.84153
42.286	2.83744
42.3577	2.83074
42.3577	2.83074
42.3204	2.82203
42.2539	2.81992
42.2539	2.81992
42.3192	2.81102
42.2593	2.80922
42.2686	2.8026
42.2686	2.8026
42.2686	2.8026
42.2442	2.79136
42.1566	2.7901
42.1741	2.78685
42.2629	2.78068
42.2629	2.78068
42.2824	2.77218
42.1821	2.77007
42.1957	2.76349
42.2228	2.76118
42.1451	2.75961
42.2805	2.75275
42.188	2.75088
42.3309	2.74404
42.193	2.74223
42.1253	2.73972
42.1969	2.73301
42.0388	2.73033
41.9581	2.72852
42.1668	2.72148
42.05	2.71924
42.1398	2.7133
42.0332	2.71168
42.0951	2.70526
42.0951	2.70526
42.1113	2.69685
42.0569	2.69464
42.0569	2.69464
41.9945	2.68603
41.9774	2.68356
42.0448	2.6773
42.0448	2.6773
41.9456	2.67223
42.0249	2.66512
41.9251	2.66279
41.9478	2.6583
41.8376	2.65499
41.8379	2.65321
41.8925	2.64635
41.8463	2.6449
41.7889	2.63803
41.8132	2.63671
41.7171	2.63425
41.7669	2.62786
41.7669	2.62786
41.8318	2.61876
41.7639	2.61702
41.6993	2.61433
41.7273	2.60782
41.7273	2.60782
41.7305	2.59931
41.6419	2.59697
41.5855	2.59467
41.657	2.58857
41.5736	2.58634
41.4863	2.58343
41.5157	2.5773
41.5157	2.5773
41.5176	2.57007
41.5176	2.57007
41.503	2.56052
41.503	2.56052
41.3428	2.55571
41.4449	2.54975
41.3483	2.5474
41.4091	2.54106
41.3996	2.53921
41.1894	2.5368
41.3588	2.52947
41.2988	2.52759
41.2988	2.52759
41.3075	2.51859
41.2426	2.51685
41.2468	2.5101
41.1864	2.50886
41.2551	2.50249
41.184	2.5006
41.1442	2.49302
40.9799	2.49111
40.9064	2.48933
41.1093	2.48336
41.0221	2.47989
41.0557	2.47373
41.0443	2.471
41.0443	2.471
40.9722	2.46284
40.9722	2.46284
40.9486	2.45529
40.8705	2.45207
40.8705	2.45207
40.8681	2.44333
40.7579	2.44192
40.769	2.43556
40.769	2.43556
40.769	2.43556
40.6994	2.42444
40.689	2.42263
40.7346	2.41591
40.6338	2.41365
40.5488	2.41148
40.5922	2.40501
40.5103	2.40293
40.5183	2.3958
40.5223	2.39445
40.3577	2.39267
40.517	2.38548
40.3478	2.38355
40.2043	2.38432
40.0849	2.38644
39.9664	2.38855
39.674	2.39519
39.6128	2.39662
39.3548	2.40378
39.2756	2.40599
39.2177	2.40848
38.9638	2.41455
38.8889	2.41681
38.6538	2.42305
38.6576	2.42573
38.5703	2.4273
38.3555	2.43366
38.3221	2.43558
38.2308	2.43907
38.0313	2.44482
37.9843	2.4467
37.7904	2.45352
37.7537	2.45587
37.5851	2.46237
37.509	2.46421
37.2883	2.47042
37.2686	2.47274
37.237	2.4746
37.0901	2.48133
36.9604	2.48322
36.9248	2.48968
36.8483	2.4937
36.8134	2.49534
36.5015	2.50238
36.6396	2.5045
36.549	2.50949
36.4676	2.51185
36.3197	2.51376
36.2355	2.52057
36.2938	2.52222
36.1036	2.52788
35.941	2.53012
36.1291	2.53281
35.958	2.53956
35.9259	2.54144
35.7215	2.54791
35.7122	2.55002
35.7119	2.55274
35.5665	2.55941
35.5273	2.56047
35.3856	2.56729
35.387	2.56937
35.3816	2.57152
35.23	2.57817
35.231	2.58008
35.0681	2.58703
35.0681	2.58703
35.0875	2.59167
34.9305	2.59793
34.9305	2.59793
34.7804	2.60646
34.7792	2.60838
34.7812	2.61057
34.616	2.61717
34.5718	2.61886
34.4757	2.62547
34.4748	2.62752
34.4748	2.62752
34.3825	2.63681
34.3825	2.63681
34.3832	2.64151
34.3486	2.64618
34.3471	2.64988
34.2606	2.6561
34.1803	2.65815
34.0274	2.66468
33.9979	2.66704
33.9108	2.67356
33.9009	2.67571
33.9009	2.67571
33.7995	2.6845
33.8022	2.68674
33.6892	2.69299
33.6624	2.69707
33.6624	2.69707
33.5556	2.70482
33.5497	2.70796
33.5231	2.71205
33.4482	2.71402
33.5471	2.71651
33.3543	2.72309
33.4324	2.72503
33.3084	2.73169
33.2934	2.73353
33.3506	2.73602
33.2276	2.74228
33.2779	2.74439
33.1365	2.75144
33.1368	2.75314
33.1368	2.75314
33.0523	2.76223
33.0523	2.76223
32.8602	2.77076
33.0078	2.77256
33.0035	2.77487
32.9137	2.78091
32.8338	2.78311
33.0219	2.78564
32.8257	2.79187
32.9685	2.79432
32.7557	2.80096
32.8178	2.803
32.7029	2.80967
32.7029	2.80967
32.8017	2.8138
32.6943	2.82061
32.6925	2.82245
32.5875	2.82876
32.6496	2.83056
32.6502	2.83304
32.6437	2.83698
32.5549	2.84181
32.5667	2.84501
32.5667	2.84501
32.4723	2.85381
32.4723	2.85381
32.5225	2.86051
32.4915	2.86403
32.4595	2.86808
32.2702	2.87238
32.4148	2.87569
32.3863	2.88002
32.3877	2.88393
32.2575	2.88915
32.1923	2.8923
32.1923	2.8923
32.189	2.90301
32.189	2.90301
32.1484	2.91151
32.0485	2.91447
32.1571	2.91663
32.0673	2.92303
32.0553	2.92534
32.0275	2.93112
31.9511	2.93499
32.0463	2.93718
31.9251	2.94284
31.9251	2.94284
31.8546	2.95103
31.8546	2.95103
31.9378	2.95465
31.8186	2.96091
31.9028	2.96326
31.981	2.96574
31.8689	2.9714
31.9227	2.97309
31.8417	2.97778
31.7971	2.98264
31.7971	2.98264
31.7109	2.99108
31.7697	2.99324
31.6145	3.00031
31.6951	3.0021
31.5817	3.00862
31.7705	3.01068
31.8305	3.01271
31.5421	3.02017
31.7478	3.02196
31.6426	3.02485
31.6186	3.03167
31.6186	3.03167
31.7122	3.03614
31.6246	3.04288
31.6246	3.04288
31.5488	3.0475
31.6306	3.05182
31.6306	3.05182
31.6277	3.05995
31.6786	3.06225
31.6367	3.06689
31.5943	3.07161
31.6617	3.07445
31.5898	3.08045
31.574	3.083
31.4745	3.09012
31.4946	3.09451
31.4773	3.09877
31.4366	3.10201
31.3894	3.10621
31.3594	3.11066
31.4633	3.11376
31.3556	3.11825
31.3556	3.11825
31.3556	3.11825
31.4066	3.1299
31.4066	3.1299
31.3311	3.13847
31.2882	3.14125
31.3677	3.14548
31.1297	3.14875
31.2208	3.15353
31.3746	3.15475
31.3746	3.15475
31.3314	3.16363
31.3919	3.16551
31.3798	3.16844
31.2763	3.17406
31.4028	3.17641
31.3946	3.17948
31.3363	3.18537
31.4102	3.18776
31.248	3.19386
31.3024	3.19668
31.1922	3.20381
31.1922	3.20381
31.1523	3.21219
31.2156	3.21451
31.258	3.21638
31.1366	3.22363
31.2033	3.22569
31.1573	3.22817
31.0552	3.23564
31.2041	3.23758
31.1594	3.24365
31.1634	3.24659
31.0952	3.25153
31.1027	3.25513
31.2914	3.25538
31.2389	3.262
31.1016	3.26322
31.2132	3.26692
31.1141	3.27295
31.1141	3.27295
31.0481	3.28172
31.0481	3.28172
31.0481	3.28172
31.1254	3.29292
31.0397	3.29871
31.0348	3.3017
31.1069	3.30371
31.0255	3.3097
31.1064	3.31122
31.0505	3.31827
31.0505	3.31827
31.0505	3.31827
31.0188	3.32992
31.0948	3.33234
31.0415	3.33774
30.9894	3.34114
31.0547	3.3433
30.9868	3.34895
30.9868	3.34895
31.039	3.35733
31.0107	3.35932
31.0107	3.35932
31.0092	3.36793
31.0516	3.36971
31.16	3.37303
30.9799	3.37798
30.9575	3.38003
31.0774	3.38403
30.9277	3.38871
31.0789	3.39183
30.9409	3.39736
31.0278	3.39945
30.9055	3.40632
30.9835	3.40822
30.7242	3.41493
30.9232	3.41695
31.0415	3.41967
30.9081	3.42673
30.9081	3.42673
30.9945	3.43119
30.8132	3.43846
30.9014	3.44041
30.9014	3.44041
30.8555	3.44931
30.9221	3.45174
30.9221	3.45174
30.9221	3.45174
30.9188	3.46081
30.8813	3.46675
30.9831	3.46989
30.942	3.47366
30.9066	3.47784
30.9066	3.47784
30.8323	3.48793
30.9213	3.49048
30.761	3.49664
30.761	3.49664
30.7716	3.50619
30.7232	3.50891
30.8125	3.51376
30.7226	3.51767
30.9073	3.52081
30.7844	3.52481
30.7591	3.52848
30.8481	3.53234
30.6026	3.53752
30.8764	3.54017
30.7355	3.54446
30.6946	3.54746
30.6946	3.54746
30.7141	3.55599
30.7141	3.55599
30.7141	3.55599
30.7062	3.5644
30.7062	3.5644
30.7062	3.5644
30.889	3.57514
30.8322	3.58088
30.8862	3.58303
30.8857	3.58707
30.8264	3.59178
30.8264	3.59178
30.8035	3.6006
30.8035	3.6006
30.7023	3.60945
30.7937	3.61123
30.6521	3.61827
30.7467	3.6198
30.7972	3.62253
30.6886	3.62951
30.7365	3.63147
30.8055	3.63472
30.5697	3.64151
30.6993	3.6433
30.772	3.64551
30.6837	3.65176
30.6837	3.65176
30.6234	3.6604
30.7395	3.66174
30.7395	3.66174
30.707	3.66987
30.8012	3.67248
30.4874	3.67872
30.7711	3.6808
30.7312	3.68403
30.6001	3.69019
30.6834	3.69265
30.5608	3.69992
30.6499	3.7042
30.5306	3.70817
30.4859	3.71105
30.46	3.71594
30.4535	3.71938
30.5798	3.72366
30.468	3.72712
30.5296	3.7306
30.4094	3.73643
30.4094	3.73643
30.5154	3.74383
30.4161	3.74795
30.4079	3.75069
30.4079	3.75069
30.4079	3.75069
30.4079	3.75069
30.4079	3.75069
30.5873	3.76759
30.4253	3.77386
30.5765	3.77575
30.506	3.77822
30.506	3.77822
30.3547	3.78654
30.5304	3.78985
30.4754	3.79523
30.6433	3.7979
30.5006	3.80421
30.5006	3.80421
30.4022	3.81266
30.4882	3.81455
30.4008	3.8213
30.4008	3.8213
30.514	3.8258
30.4371	3.83261
30.4371	3.83261
30.4371	3.83261
30.2688	3.8445
30.4012	3.8463
30.5067	3.84854
30.3271	3.85526
30.4652	3.85716
30.2555	3.86376
30.5617	3.86447
30.5248	3.86852
30.4068	3.87292
30.466	3.87589
30.2662	3.88198
30.3725	3.88439
30.4588	3.88742
30.327	3.8935
30.327	3.8935
30.0825	3.90298
30.2157	3.90767
30.2032	3.9116
30.1704	3.91424
30.1704	3.91424
30.1152	3.92293
30.2125	3.92662
30.127	3.93072
30.127	3.93072
30.1466	3.93871
30.033	3.94203
30.1713	3.94645
29.9857	3.95055
30.0479	3.95334
30.1747	3.95799
30.0814	3.96163
30.1658	3.96343
30.1471	3.96772
30.2028	3.97034
30.127	3.97292
30.127	3.97292
30.2391	3.98071
30.1417	3.98513
30.1417	3.98513
30.1417	3.98513
30.0591	3.99815
30.0591	3.99815
30.0436	4.00562
30.4927	4.00032
30.6343	3.99691
30.823	3.9931
31.1002	3.98868
31.1748	3.98488
31.3146	3.98102
31.4694	3.97666
31.6124	3.97408
31.7584	3.97082
31.8665	3.96523
31.9626	3.96208
31.9926	3.9589
31.9197	3.95675
32.1989	3.95081
32.1989	3.95081
32.2083	3.94536
32.2083	3.94536
32.428	3.93718
32.4609	3.93417
32.5496	3.93066
32.7905	3.92329
32.9066	3.92045
32.9374	3.91763
33.1075	3.91082
33.1645	3.90687
33.2367	3.9043
33.2951	3.90111
33.3397	3.89516
33.474	3.89189
33.5054	3.88883
33.4386	3.88657
33.6729	3.87961
33.7648	3.87669
33.7698	3.87306
33.841	3.86861
33.9445	3.86405
33.9699	3.86073
33.8749	3.85979
33.9255	3.85657
34.1613	3.84949
34.3205	3.84706
34.1277	3.84429
34.4529	3.83695
34.3799	3.83323
34.5385	3.82919
34.66	3.82541
34.7634	3.82178
34.6696	3.81918
34.5642	3.81357
34.9486	3.81006
34.992	3.80644
34.8786	3.80245
35.0238	3.79752
35.1863	3.79399
35.2154	3.79062
35.0966	3.78643
35.3134	3.78237
35.3149	3.77918
35.3789	3.7757
35.4146	3.77111
35.4998	3.76735
35.5248	3.76574
35.5248	3.76574
35.5383	3.75907
35.7612	3.75235
35.6471	3.75034
35.7089	3.74758
35.9547	3.74047
35.9059	3.73822
36.0925	3.73076
36.0925	3.73076
36.0812	3.72416
36.1976	3.71965
36.3503	3.71528
36.4037	3.71263
36.3231	3.70946
36.5256	3.70407
36.5256	3.70407
36.4924	3.69601
36.4924	3.69601
36.7656	3.68861
36.6809	3.68482
36.6809	3.68482
36.7206	3.67735
36.9203	3.67256
36.9203	3.67256
37.0369	3.66467
37.0854	3.66094
37.1587	3.65751
37.1587	3.65751
37.2639	3.64958
37.3299	3.64534
37.3299	3.64534
37.3338	3.63984
37.3338	3.63984
37.5275	3.63062
37.4414	3.62783
37.4414	3.62783
37.6648	3.61849
37.6966	3.61666
37.5633	3.61457
37.5633	3.61457
37.8145	3.60509
37.8187	3.60238
37.8187	3.60238
37.8325	3.59535
37.9792	3.58839
38.0433	3.58558
37.9615	3.5825
38.1571	3.57525
38.2681	3.57235
38.329	3.56898
38.329	3.56898
38.1425	3.55982
38.3265	3.55666
38.415	3.55237
38.5254	3.54843
38.5107	3.544
38.5893	3.54177
38.6002	3.53645
38.7035	3.53251
38.7319	3.52938
38.7732	3.52634
38.7732	3.52634
38.7824	3.5176
38.8685	3.51403
38.7249	3.51326
38.9189	3.50658
38.9638	3.50289
38.8822	3.50055
38.9494	3.49779
39.1263	3.49065
39.0806	3.48937
39.2434	3.48148
39.2434	3.48148
39.2273	3.476
39.2303	3.47024
39.3417	3.46592
39.3815	3.46202
39.4657	3.45935
39.3466	3.45412
39.5395	3.45046
39.393	3.44691
39.3238	3.44322
39.6472	3.4389
39.7323	3.43501
39.6358	3.43086
39.6796	3.42788
39.7512	3.42381
39.739	3.41942
39.8391	3.41569
39.8803	3.41163
39.9958	3.40769
39.7521	3.40604
40.0368	3.39945
40.0423	3.3961
40.0356	3.39327
40.0794	3.38753
40.1665	3.38417
40.2064	3.3808
40.2064	3.3808
40.2092	3.3716
40.2526	3.36908
40.2743	3.36596
40.1972	3.36464
40.3224	3.35737
40.339	3.35329
40.289	3.35206
40.402	3.34477
40.4526	3.34168
40.4526	3.34168
40.4526	3.34168
40.5716	3.32992
40.5897	3.32646
40.5178	3.32429
40.6156	3.31763
40.6872	3.31408
40.7334	3.31158
40.7339	3.30622
40.7511	3.30204
40.6535	3.2986
40.7908	3.29467
40.8543	3.29059
40.8535	3.28699
40.8535	3.28699
40.8736	3.27876
40.8023	3.27545
40.8137	3.27183
40.857	3.26777
40.9651	3.26291
40.884	3.25979
40.9651	3.25558
40.963	3.25188
40.963	3.25188
40.9897	3.24429
41.0381	3.2399
40.9406	3.2366
41.0028	3.23294
41.1099	3.22786
41.1044	3.22454
41.0954	3.22059
41.1307	3.21701
41.1636	3.21276
41.2149	3.20834
41.3128	3.20481
41.3151	3.20246
41.3895	3.19556
41.4087	3.19209
41.4195	3.18903
41.345	3.18691
41.4455	3.17998
41.2087	3.17786
41.4599	3.17513
41.4599	3.17513
41.5795	3.16532
41.4991	3.1634
41.5221	3.16036
41.7287	3.15395
41.5343	3.15145
41.5276	3.14845
41.6397	3.14167
41.7277	3.13858
41.5569	3.13395
41.6635	3.12974
41.6895	3.12583
41.6652	3.12228
41.6863	3.11873
41.7687	3.11414
41.7891	3.11018
41.6677	3.10692
41.7113	3.10289
41.692	3.09839
41.6951	3.09546
41.745	3.09123
41.5855	3.0869
41.8136	3.0833
41.8136	3.0833
41.6767	3.07638
41.6992	3.0717
41.8068	3.06741
41.8068	3.06741
41.7767	3.06025
41.9065	3.05623
41.8177	3.05244
41.8773	3.0488
41.9224	3.04371
41.8548	3.04077
41.8419	3.03681
41.8022	3.03206
41.8426	3.02913
41.8779	3.02443
41.877	3.02125
42.0183	3.01413
42.0183	3.01413
42.0183	3.01413
41.8817	3.00619
41.9469	3.00076
41.9377	2.99763
41.9443	2.99439
41.9415	2.98909
41.9415	2.98909
41.9894	2.9794
41.9894	2.9794
41.9894	2.9794
42.0262	2.96861
41.9317	2.96585
41.9388	2.96273
41.9127	2.9589
41.9021	2.9552
41.9307	2.95007
41.959	2.94691
41.959	2.94691
42.0342	2.93756
42.0342	2.93756
42.0342	2.93756
41.9809	2.92715
41.9636	2.92287
41.9636	2.92287
42.0829	2.91507
41.9307	2.91186
42.0046	2.90762
41.7943	2.904
42.1358	2.90024
42.0342	2.89548
42.0233	2.89219
42.0233	2.89219
41.9464	2.88425
41.9741	2.88079
41.9819	2.87683
42.0105	2.87206
42.0384	2.86865
42.0384	2.86865
42.055	2.85979
41.9991	2.85743
42.0919	2.85042
42.0919	2.85042
42.1191	2.84126
42.0178	2.83748
42.0781	2.83311
42.0956	2.82981
42.0956	2.82981
42.0576	2.82165
41.9588	2.81811
42.0417	2.8138
42.042	2.81038
42.042	2.81038
42.0463	2.80226
41.9297	2.79845
41.9786	2.79406
42.0314	2.79102
42.0314	2.79102
42.009	2.78297
42.0405	2.77835
41.8899	2.77678
41.8899	2.77678
41.9014	2.76842
41.8565	2.76691
41.8565	2.76691
41.8509	2.75817
41.8509	2.75817
41.9084	2.74881
41.8017	2.74692
41.782	2.74418
41.8184	2.73838
41.8184	2.73838
41.8165	2.72918
41.7506	2.72745
41.7851	2.7213
41.7851	2.7213
41.68	2.71667
41.7582	2.70971
41.7879	2.70761
41.7876	2.70094
41.7876	2.70094
41.7053	2.69249
41.7745	2.68988
41.6709	2.68822
41.8011	2.68157
41.7361	2.67917
41.6899	2.67366
41.6899	2.67366
41.6486	2.66863
41.734	2.66222
41.6581	2.65975
41.6477	2.65354
41.56	2.65104
41.6783	2.64917
41.6112	2.64195
41.6112	2.64195
41.5319	2.63423
41.39	2.63283
41.551	2.6305
41.493	2.62345
41.493	2.62345
41.4738	2.61503
41.4738	2.61503
41.3662	2.61064
41.4769	2.60422
41.3812	2.60216
41.3812	2.60216
41.3743	2.59403
41.2988	2.59062
41.3707	2.58394
41.3707	2.58394
41.3403	2.57566
41.3403	2.57566
41.2296	2.57139
41.2458	2.5645
41.2458	2.5645
41.0984	2.56063
41.1653	2.55458
41.1653	2.55458
41.155	2.54478
41.155	2.54478
41.0497	2.54087
41.0872	2.53393
41.0157	2.53188
41.0681	2.52537
40.9881	2.52404
40.8661	2.51767
41.0334	2.5159
40.9418	2.51336
40.9499	2.50684
40.8672	2.50469
40.9007	2.49741
40.919	2.49546
40.8513	2.48833
40.8551	2.48639
40.7451	2.48415
40.729	2.47783
40.735	2.47545
40.6772	2.47052
40.6772	2.47052
40.5627	2.46601
40.6266	2.45933
40.6263	2.45713
40.5714	2.45088
40.3585	2.44759
40.526	2.44615
40.5006	2.43916
40.5006	2.43916
40.4699	2.43097
40.4699	2.43097
40.3839	2.42722
40.3434	2.41981
40.3434	2.41981
40.3209	2.41162
40.3209	2.41162
40.3209	2.41162
40.3055	2.40082
40.2314	2.39856
40.0737	2.39603
40.1231	2.39033
39.9335	2.38783
39.979	2.38696
39.8481	2.38956
39.5707	2.39648
39.4666	2.39773
39.4054	2.39981
39.1634	2.40713
39.0817	2.40913
39.0205	2.4113
38.8123	2.41765
38.7286	2.41994
38.4913	2.42667
38.4828	2.42896
38.2655	2.43573
38.1501	2.43808
38.0625	2.44013
37.9462	2.44635
37.8811	2.44744
37.6686	2.45455
37.6686	2.45455
37.5876	2.4585
37.3734	2.46578
37.344	2.46753
37.2373	2.47435
37.1534	2.47651
37.0034	2.48259
36.9357	2.48553
36.8477	2.48668
36.7011	2.49359
36.709	2.4957
36.6274	2.50115
36.5473	2.50398
36.605	2.5058
36.3588	2.51286
36.4221	2.51505
36.3265	2.52174
36.1861	2.52405
36.0393	2.52559
36.0753	2.5326
35.965	2.53452
35.784	2.54071
35.784	2.54071
35.779	2.54459
35.5792	2.55175
35.5792	2.55175
35.4296	2.55924
35.3596	2.56209
35.3596	2.56209
35.2629	2.57063
35.2629	2.57063
35.2153	2.57525
35.1055	2.58119
35.0686	2.58319
34.9614	2.58984
34.9553	2.59125
34.8677	2.59812
34.7764	2.601
34.6714	2.60686
34.6271	2.60954
34.6271	2.60954
34.4674	2.61718
34.459	2.62017
34.4576	2.62249
34.3116	2.62966
34.3116	2.62966
34.205	2.63791
34.205	2.63791
34.1337	2.6457
34.0801	2.64895
34.1424	2.64994
34.0223	2.65654
34.0755	2.6587
34.0683	2.661
33.9366	2.66772
33.9297	2.66991
33.8393	2.67643
33.8393	2.67643
33.8445	2.68088
33.7436	2.6879
33.7436	2.6879
33.6141	2.69534
33.6132	2.69683
33.5477	2.70362
33.5537	2.70625
33.5522	2.70843
33.4304	2.71526
33.3729	2.7184
33.2387	2.7239
33.2387	2.7239
33.2387	2.7239
33.2161	2.7358
33.2161	2.7358
33.1336	2.74383
33.0831	2.74663
33.1912	2.74829
33.0877	2.75465
33.0806	2.75642
32.9917	2.76278
32.9917	2.76278
33.0057	2.76725
32.9095	2.77376
32.9561	2.77587
32.8272	2.7823
32.8771	2.78454
32.8771	2.78454
32.7844	2.79277
32.7408	2.7944
32.6685	2.8017
32.6685	2.8017
32.6829	2.80621
32.5735	2.81269
32.6229	2.81448
32.6912	2.81741
32.5477	2.82344
32.6518	2.82566
32.4681	2.83224
32.554	2.83359
32.4516	2.84048
32.4516	2.84048
32.4516	2.84048
32.2317	2.85115
32.4737	2.85368
32.3348	2.86012
32.3348	2.86012
32.3348	2.86012
32.0589	2.87147
32.3896	2.87304
32.2044	2.87981
32.2044	2.87981
32.2044	2.87981
32.1717	2.89094
32.1717	2.89094
32.1139	2.89899
32.1139	2.89899
32.0781	2.90728
32.0781	2.90728
32.1569	2.91174
31.9658	2.91838
32.0614	2.92069
31.9855	2.92637
31.986	2.92951
32.095	2.93177
31.9505	2.93885
31.9416	2.94035
31.8953	2.94666
31.9001	2.94961
31.8969	2.95127
31.8355	2.95754
31.9007	2.95875
31.7885	2.96556
31.7885	2.96556
31.8652	2.96994
31.7485	2.97682
31.8019	2.97885
31.8019	2.97885
31.7481	2.98729
31.7481	2.98729
31.6729	2.99674
31.6584	2.99885
31.6271	3.00555
31.6271	3.00555
31.7303	3.00926
31.6122	3.01553
31.6649	3.01781
31.727	3.02007
31.6246	3.02635
31.6997	3.0287
31.5195	3.03511
31.5815	3.03803
31.638	3.04028
31.4367	3.04658
31.5332	3.04869
31.4376	3.05506
31.4376	3.05506
31.3862	3.06277
31.4706	3.06454
31.4641	3.06752
31.4043	3.07436
31.4651	3.07666
31.3509	3.08286
31.3234	3.08503
31.3988	3.08677
31.3273	3.09393
31.3273	3.09393
31.2891	3.10249
31.2718	3.10523
31.2718	3.10523
31.319	3.11249
31.4066	3.11445
31.3575	3.12137
31.343	3.12372
31.3317	3.12984
31.2975	3.13242
31.2975	3.13242
31.233	3.14164
31.233	3.14164
31.189	3.14915
31.189	3.14915
31.3771	3.15434
31.198	3.16009
31.3164	3.16203
31.3103	3.16448
31.2692	3.17023
31.335	3.1724
31.2072	3.17934
31.2568	3.1809
31.3262	3.18421
31.2219	3.19001
31.2904	3.19212
31.0858	3.20044
31.1309	3.20255
31.0736	3.20893
31.1432	3.21053
31.2432	3.21294
31.0785	3.21906
31.2255	3.22134
31.1941	3.22385
31.0694	3.23049
31.1853	3.23247
31.0621	3.23905
31.0621	3.23905
31.1708	3.24334
31.0333	3.24978
31.0333	3.24978
30.8874	3.25841
31.1608	3.25947
31.0011	3.2665
31.067	3.26873
31.1425	3.27095
31.0037	3.27783
31.074	3.27977
31.0208	3.28622
30.8991	3.28899
31.0975	3.29122
31.0114	3.29736
31.0114	3.29736
30.9203	3.30599
30.9203	3.30599
30.8486	3.31343
31.0004	3.31669
31.0441	3.31867
30.8854	3.32504
30.9307	3.32678
30.9619	3.3332
30.8628	3.33618
30.961	3.33859
30.8771	3.34533
30.9244	3.3468
30.8475	3.35328
30.9375	3.35634
31.041	3.35818
30.8927	3.36414
30.9642	3.36527
31.0399	3.36891
30.9093	3.37487
31.0687	3.37671
30.9094	3.38294
30.9094	3.38294
31.0541	3.3879
30.9076	3.39392
30.9895	3.39566
30.7445	3.40324
30.7445	3.40324
30.7874	3.41186
30.9046	3.41345
30.9554	3.4156
30.8546	3.42176
30.957	3.42392
31.035	3.42733
30.8591	3.43292
30.944	3.43574
30.8331	3.44204
30.8331	3.44204
30.9595	3.44608
30.8244	3.4534
30.9011	3.45454
30.7184	3.46072
30.7184	3.46072
30.7359	3.46948
30.8327	3.47162
30.8924	3.47397
30.7231	3.48118
30.8977	3.48291
30.7143	3.49009
30.7143	3.49009
30.7905	3.4941
30.6643	3.50099
30.7322	3.50305
30.5426	3.50953
30.667	3.51213
30.667	3.51213
30.6385	3.51948
30.8555	3.52126
30.7752	3.52792
30.7394	3.53046
30.5668	3.53688
30.6275	3.53924
30.7557	3.54133
30.7085	3.54814
30.7085	3.54814
30.649	3.55635
30.6212	3.55948
30.7402	3.56112
30.6447	3.56674
30.6948	3.56903
30.7615	3.57125
30.663	3.57727
30.8018	3.57966
30.6315	3.58531
30.6315	3.58531
30.7798	3.59099
30.6161	3.59662
30.7488	3.59893
30.571	3.60622
30.6782	3.6082
30.55	3.61461
30.605	3.61653
30.732	3.61863
30.6031	3.62434
30.6668	3.62722
30.738	3.62972
30.4905	3.63636
30.5751	3.63826
30.5341	3.64522
30.5907	3.64762
30.8483	3.64924
30.5548	3.65626
30.5548	3.65626
30.5303	3.66469
30.6779	3.66584
30.6507	3.67237
30.5993	3.67427
30.7583	3.67675
30.5036	3.68383
30.6959	3.68553
30.5302	3.69199
30.5302	3.69199
30.6946	3.69684
30.5102	3.70348
30.5615	3.70587
30.4893	3.71196
30.4893	3.71196
30.4893	3.71196
30.4893	3.71196
30.6493	3.72378
30.5027	3.73018
30.4786	3.73365
30.4098	3.74033
30.4098	3.74033
30.502	3.74463
30.3975	3.75156
30.4726	3.7536
30.3854	3.76018
30.4295	3.76174
30.4977	3.76408
30.3995	3.76977
30.5061	3.77173
30.5779	3.77449
30.4943	3.78033
30.5407	3.78272
30.4126	3.78916
30.4126	3.78916
30.7019	3.79442
30.2689	3.80017
30.6518	3.80241
30.3187	3.80943
30.4336	3.81137
30.2989	3.81785
30.3474	3.8198
30.393	3.82158
30.3034	3.82808
30.3731	3.83012
30.468	3.83297
30.2629	3.83964
30.3785	3.84176
30.2437	3.84822
30.3103	3.85001
30.2147	3.8567
30.2147	3.8567
30.3341	3.86128
30.3341	3.86128
30.7776	3.85971
31.169	3.8529
31.2767	3.85142
31.2767	3.85142
31.3481	3.8452
31.5343	3.84027
31.6261	3.83729
31.8813	3.83051
31.8813	3.83051
31.7592	3.82589
32.0852	3.82077
31.8452	3.81782
32.276	3.81398
32.3681	3.80984
32.4058	3.80637
32.494	3.80218
32.7112	3.79819
32.8143	3.79475
32.8143	3.79475
32.8881	3.78617
33.0351	3.78205
33.0779	3.77954
33.1306	3.77678
33.0325	3.77381
33.2037	3.76884
33.2037	3.76884
33.2044	3.7633
33.2589	3.76047
33.4401	3.75499
33.4774	3.75218
33.5453	3.74795
33.6232	3.74399
33.7777	3.73977
33.8298	3.73578
33.6846	3.73131
33.9414	3.72795
34.0164	3.72356
34.084	3.71908
34.1169	3.71551
34.1425	3.7122
34.0694	3.70798
34.3523	3.70339
34.2622	3.70057
34.572	3.69653
34.572	3.69653
34.6339	3.6871
34.5612	3.68396
34.7316	3.68058
34.9152	3.67327
34.9875	3.67051
34.9324	3.66791
35.1121	3.6604
35.1645	3.65786
35.2102	3.65476
35.2154	3.649
35.3147	3.64532
35.3807	3.64155
35.3959	3.63857
35.3959	3.63857
35.4629	3.62965
35.6081	3.62699
35.6465	3.62414
35.6401	3.61811
35.7155	3.61374
35.8724	3.61103
35.8724	3.61103
35.8945	3.60285
36.0318	3.59922
36.0318	3.59922
35.935	3.5947
36.1336	3.588
36.0493	3.58529
36.1584	3.5823
36.3369	3.57587
36.3883	3.57299
36.3883	3.57299
36.4181	3.56717
36.4431	3.56446
36.5785	3.55683
36.6087	3.55429
36.6087	3.55429
36.6087	3.55429
36.8284	3.54172
36.7804	3.53979
36.8778	3.53651
36.8778	3.53651
37.0639	3.52613
36.9176	3.52366
37.1428	3.52094
37.1428	3.52094
37.2396	3.51132
37.2396	3.51132
37.2508	3.50591
37.4166	3.49776
37.4229	3.49509
37.4573	3.4926
37.4573	3.4926
37.6374	3.48197
37.6675	3.47886
37.6755	3.47634
37.6755	3.47634
37.6755	3.47634
37.7933	3.46233
37.873	3.45967
37.8196	3.45783
38.0084	3.45151
38.0061	3.4485
37.898	3.44669
38.075	3.43888
38.1807	3.43637
38.1807	3.43637
38.1676	3.43064
38.2424	3.42343
38.2424	3.42343
38.3517	3.41801
38.3517	3.41801
38.3069	3.40779
38.4796	3.40418
38.5014	3.40123
38.5014	3.40123
38.6736	3.3922
38.6736	3.3922
38.6736	3.3922
38.7364	3.38018
38.7364	3.38018
38.7364	3.38018
38.7364	3.38018
38.8827	3.36496
38.8836	3.3614
38.8836	3.3614
38.87	3.35673
39.0255	3.34972
39.0255	3.34972
39.0117	3.34323
39.0796	3.33712
39.189	3.33371
39.2259	3.33138
39.1584	3.32808
39.3003	3.32313
39.3003	3.32313
39.3003	3.32313
39.2144	3.31371
39.4384	3.30687
39.4384	3.30398
39.4585	3.3012
39.4585	3.3012
39.5889	3.29097
39.5264	3.28804
39.6792	3.28639
39.4855	3.27905
39.5874	3.27574
39.7667	3.27357
39.7667	3.27357
39.813	3.2631
39.8359	3.25989
39.7637	3.25811
39.8946	3.25192
39.9321	3.24775
39.9656	3.24461
39.9046	3.24224
39.9828	3.23579
40.0503	3.23216
40.1029	3.22865
40.044	3.2262
40.0838	3.22035
40.1819	3.21761
40.1075	3.21523
40.2547	3.20846
40.2492	3.20599
40.2492	3.20599
40.3796	3.19525
40.3696	3.19221
40.2586	3.1886
40.2887	3.18467
40.2667	3.18077
40.2909	3.17713
40.3425	3.17277
40.4016	3.16865
40.1643	3.16489
40.4193	3.16123
40.5042	3.15618
40.4309	3.15357
40.4357	3.14933
40.5287	3.14403
40.4581	3.14149
40.4878	3.13882
40.5505	3.1335
40.532	3.1301
40.5936	3.12614
40.5936	3.12614
40.5474	3.11877
40.6686	3.11406
40.6492	3.11045
40.6492	3.11045
40.6814	3.10289
40.7499	3.09827
40.7499	3.09827
40.7283	3.09048
40.7278	3.08647
40.837	3.08304
40.7684	3.07976
40.7962	3.07455
40.7962	3.07455
40.7923	3.06772
40.948	3.0635
40.9467	3.06003
40.9467	3.06003
40.911	3.05175
40.911	3.05175
40.8837	3.04423
40.9676	3.04034
40.9724	3.03709
40.9724	3.03709
40.8011	3.0287
41.0071	3.02485
41.0071	3.02485
40.9848	3.01744
41.0319	3.0134
41.0319	3.0134
41.0492	3.00529
41.1045	3.00116
41.1045	3.00116
41.108	2.99356
41.2016	2.98996
41.2394	2.98646
41.2211	2.98149
41.2167	2.97741
41.2153	2.97468
41.1996	2.97016
41.2843	2.96656
41.2752	2.96232
41.2752	2.96232
41.2211	2.95444
41.143	2.9511
41.1939	2.94675
41.3202	2.94261
41.1964	2.93955
41.2416	2.93552
41.2664	2.92995
41.1949	2.92719
41.2262	2.92366
41.262	2.91737
41.2843	2.91483
41.3999	2.90793
41.3999	2.90793
41.1417	2.90395
41.4009	2.89994
41.2442	2.89501
41.2442	2.89501
41.2276	2.88856
41.2535	2.88453
41.2285	2.88055
41.2235	2.87612
41.2426	2.87274
41.2494	2.86881
41.2927	2.86488
41.2018	2.86126
41.2378	2.85652
41.2378	2.85652
41.2842	2.8476
41.2227	2.84478
41.2013	2.84128
41.2935	2.83436
41.2935	2.83436
41.2849	2.82555
41.3046	2.82343
41.2419	2.82158
41.3453	2.81466
41.2766	2.81269
41.2156	2.81028
41.3269	2.80402
41.2518	2.80172
41.3233	2.79524
41.2625	2.79286
41.3217	2.78629
41.2554	2.78516
41.2576	2.77892
41.2576	2.77892
41.2747	2.7736
41.2713	2.76739
41.2713	2.76739
41.2415	2.7588
41.2347	2.75569
41.172	2.75405
41.2554	2.74757
41.2286	2.74436
41.1901	2.73961
41.2495	2.73639
41.141	2.73563
41.287	2.7297
41.1722	2.72742
41.1969	2.72009
41.2037	2.71887
41.2034	2.71644
41.1552	2.70965
41.1552	2.70965
41.1245	2.70078
41.1283	2.69949
41.1283	2.69949
41.1563	2.69044
41.0744	2.68858
41.0624	2.68148
41.0725	2.6796
41.0132	2.67727
40.9986	2.67087
41.0188	2.6683
41.0716	2.66192
41.0716	2.66192
40.9295	2.65714
41.0332	2.65081
40.9555	2.64801
40.953	2.64288
40.955	2.64062
40.8398	2.63817
40.9186	2.63078
40.9186	2.63078
40.9014	2.62265
40.8171	2.6212
40.7263	2.61841
40.7427	2.61196
40.7544	2.61036
40.6857	2.60724
40.7439	2.6017
40.7439	2.6017
40.726	2.59143
40.6602	2.58957
40.7011	2.58297
40.6507	2.58143
40.6832	2.5758
40.6832	2.5758
40.5734	2.57131
40.5519	2.5641
40.4668	2.56165
40.5573	2.55557
40.5511	2.55266
40.4482	2.55107
40.5058	2.54458
40.5286	2.54146
40.4229	2.5366
40.4208	2.53298
40.461	2.53198
40.4505	2.52564
40.4871	2.52458
40.4955	2.5177
40.4955	2.5177
40.386	2.51273
40.4392	2.50689
40.3805	2.50494
40.3528	2.49802
40.2766	2.49548
40.0804	2.49384
40.2993	2.48679
40.2376	2.48525
40.2938	2.47824
40.2366	2.47631
40.2366	2.47631
40.2142	2.46778
40.1407	2.46577
40.1997	2.45897
40.1068	2.45734
40.1068	2.45734
40.135	2.44777
40.0654	2.44604
40.0456	2.43953
40.0456	2.43953
40.0456	2.43953
40.003	2.42883
39.9052	2.4266
39.9232	2.42013
39.9149	2.41821
39.6809	2.41571
39.7826	2.40936
39.8244	2.40755
39.8244	2.40755
39.6033	2.39954
39.7402	2.39578
39.7402	2.39578
39.7287	2.38814
39.7287	2.38814
39.7033	2.38098
39.6479	2.37565
39.6479	2.37565
39.5628	2.36872
39.5291	2.36513
39.487	2.36139
39.5118	2.35624
39.4945	2.35303
39.3143	2.35069
39.1721	2.35397
38.9415	2.36092
38.7959	2.36413
38.7087	2.3657
38.5081	2.37253
38.4009	2.37577
38.23	2.3808
38.0954	2.3845
38.0582	2.38687
37.8954	2.39339
37.7666	2.39516
37.6135	2.39966
37.5267	2.40355
37.484	2.40592
37.3292	2.4107
37.2981	2.41245
37.07	2.41913
37.0624	2.42105
36.9123	2.42307
36.757	2.42999
36.8264	2.43257
36.783	2.43478
36.689	2.44038
36.5695	2.44285
36.3767	2.44996
36.3767	2.44996
36.2354	2.45856
36.1623	2.45965
36.1721	2.46329
35.9551	2.46893
35.9263	2.47102
35.8933	2.47404
35.7884	2.48007
35.7366	2.48216
35.5835	2.48962
35.5593	2.49175
35.5383	2.49338
35.3768	2.50074
35.2429	2.50516
35.2175	2.50833
35.2166	2.50998
35.0888	2.5167
35.0888	2.5167
35.0419	2.52231
34.8399	2.52781
34.8363	2.53001
34.7431	2.53659
34.673	2.53939
34.673	2.53939
34.565	2.54784
34.5505	2.55001
34.4159	2.55596
34.4123	2.5581
34.3262	2.56395
34.3262	2.56395
34.3182	2.56783
34.1772	2.57428
34.1772	2.57428
34.065	2.58316
34.0161	2.58566
34.0278	2.58809
33.8748	2.59467
33.8748	2.59467
33.8068	2.60291
33.7767	2.60548
33.7768	2.60752
33.6752	2.61364
33.6534	2.6144
33.5204	2.62189
33.5204	2.62189
33.6055	2.62619
33.4212	2.63198
33.4212	2.63198
33.4566	2.63772
33.358	2.64321
33.3402	2.64553
33.193	2.65275
33.2374	2.65472
33.1353	2.66108
33.1785	2.66287
33.0295	2.66493
33.062	2.67224
33.062	2.67224
33.062	2.67224
32.9896	2.68341
33.0328	2.68508
32.879	2.69246
33.0229	2.69438
32.9413	2.69666
32.7859	2.7033
32.8039	2.70865
32.7379	2.71172
32.7728	2.71285
32.6518	2.71945
32.6518	2.71945
32.5739	2.72833
32.5538	2.73194
32.5538	2.73194
32.4991	2.73967
32.4457	2.74263
32.4457	2.74263
32.3867	2.75118
32.4456	2.75346
32.388	2.75935
32.3708	2.76183
32.3263	2.76698
32.3177	2.76927
32.3614	2.77063
32.2667	2.77791
32.2667	2.77791
32.2667	2.77791
32.1677	2.78764
32.1677	2.78764
32.0793	2.79713
32.1732	2.79882
32.0205	2.80577
32.091	2.80781
32.074	2.81002
31.8136	2.81632
31.9373	2.8187
31.9647	2.82495
31.9647	2.82495
31.9607	2.82933
31.8814	2.83607
31.8836	2.83865
31.9406	2.84097
31.8189	2.84732
31.893	2.84941
31.893	2.84941
31.7587	2.85818
31.8118	2.8604
31.7397	2.86575
31.7397	2.86575
31.7831	2.87159
31.6419	2.87682
31.6419	2.87682
31.6347	2.88616
31.6347	2.88616
31.7319	2.8914
31.6242	2.89733
31.6242	2.89733
31.5393	2.90665
31.5393	2.90665
31.508	2.91529
31.4947	2.91805
31.4947	2.91805
31.4613	2.9268
31.4613	2.9268
31.4181	2.93533
31.3702	2.93815
31.3702	2.93815
31.3702	2.93815
31.5492	2.95086
31.3956	2.95456
31.3956	2.95456
31.4096	2.96246
31.3778	2.96558
31.3371	2.96965
31.4421	2.9714
31.4421	2.9714
31.326	2.98083
31.3653	2.98227
31.3538	2.98906
31.4028	2.99104
31.3502	2.99365
31.2547	3.0005
31.3272	3.00218
31.2095	3.00878
31.2095	3.00878
31.3426	3.01293
31.2142	3.01981
31.3265	3.02101
31.2111	3.02807
31.2111	3.02807
31.2111	3.02807
31.188	3.03858
31.2373	3.0409
31.1555	3.04359
31.1649	3.04919
31.2477	3.05162
31.2477	3.05162
31.2214	3.06035
31.1014	3.06389
31.1162	3.06904
31.1162	3.06904
31.1162	3.06904
31.0894	3.08006
31.1422	3.08211
31.0435	3.08862
31.0955	3.09118
31.0955	3.09118
31.0168	3.09975
31.0903	3.10291
30.9837	3.10934
30.9727	3.11403
30.9098	3.11832
30.9098	3.11832
30.9437	3.12611
30.8779	3.1296
30.8779	3.1296
30.8894	3.13864
30.8894	3.13864
30.884	3.14528
30.8629	3.1485
30.8629	3.1485
30.869	3.15735
30.869	3.15735
30.837	3.16538
30.8013	3.16811
30.8013	3.16811
30.8013	3.16811
30.9901	3.17685
30.8423	3.18356
30.9007	3.18584
30.9891	3.1881
30.7958	3.19468
30.7958	3.19468
30.8056	3.20474
30.8056	3.20474
30.8077	3.21292
30.7941	3.21523
30.8703	3.21699
30.7539	3.22288
30.9375	3.22477
30.7892	3.23152
30.8636	3.23349
30.8636	3.23349
30.8199	3.24287
30.885	3.24495
30.8658	3.24772
30.7811	3.25406
30.9033	3.25607
30.9033	3.25607
30.8101	3.26567
30.9096	3.26787
30.7929	3.27254
30.8754	3.27479
30.9431	3.27839
30.8086	3.28297
30.9002	3.28705
30.7869	3.29242
30.7869	3.29242
30.9104	3.29763
30.7741	3.30386
30.8485	3.30654
30.6845	3.3127
30.6845	3.3127
30.6598	3.32257
30.6598	3.32257
30.6598	3.32257
30.5268	3.333
30.7842	3.33556
30.691	3.34123
30.6744	3.34483
30.6866	3.34948
30.6866	3.34948
30.6884	3.3554
30.6967	3.36188
30.681	3.36334
30.6401	3.36939
30.5948	3.37182
30.5948	3.37182
30.5948	3.37182
30.7257	3.38054
30.6101	3.38753
30.6101	3.38753
30.7673	3.39239
30.5856	3.39782
30.6737	3.40013
30.6128	3.40758
30.6128	3.40758
30.5832	3.41578
30.57	3.41832
30.6942	3.41969
30.5529	3.42582
30.7394	3.42814
30.6	3.43463
30.6	3.43463
30.7253	3.43948
30.5694	3.44593
30.6572	3.44783
30.6572	3.44783
30.5774	3.45718
30.6894	3.45879
30.6224	3.46085
30.552	3.46819
30.6528	3.47046
30.6003	3.47524
30.734	3.4786
30.7027	3.48127
30.6804	3.48652
30.6804	3.48652
30.5525	3.49545
30.7282	3.49732
30.7282	3.49732
30.6029	3.50689
30.6029	3.50689
30.4742	3.51642
30.5826	3.52109
30.487	3.52482
30.487	3.52482
30.5831	3.53259
30.3277	3.53659
30.5899	3.53846
30.6017	3.54399
30.5004	3.54732
30.5045	3.55244
30.4802	3.55657
30.5569	3.55874
30.4824	3.56421
30.4382	3.56698
30.5081	3.57197
30.4606	3.57492
30.4589	3.57936
30.387	3.58066
30.6057	3.5836
30.3518	3.59037
30.6403	3.59258
30.6403	3.59258
30.3534	3.60171
30.6573	3.60376
30.4273	3.61037
30.5222	3.6119
30.4043	3.61888
30.4043	3.61888
30.5428	3.62306
30.4022	3.62829
30.5488	3.63116
30.3988	3.63757
30.3988	3.63757
30.5241	3.64263
30.4171	3.6488
30.4171	3.6488
30.533	3.65428
30.4245	3.66005
30.5551	3.6619
30.3599	3.66922
30.435	3.67103
30.3888	3.67696
30.4629	3.6781
30.4629	3.6781
30.361	3.68713
30.4549	3.68951
30.3843	3.69612
30.3843	3.69612
30.5534	3.70097
30.2288	3.70764
30.512	3.70938
30.4936	3.71216
30.1821	3.71896
30.3633	3.72362
30.3526	3.72728
30.4623	3.72841
30.2943	3.73508
30.3811	3.73714
30.4663	3.73975
30.3021	3.74638
30.4038	3.7484
30.3274	3.75495
30.3274	3.75495
30.4169	3.76012
30.3055	3.76641
30.3055	3.76641
30.3	3.77494
30.3	3.77494
30.2904	3.78232
30.3488	3.78415
30.43	3.78698
30.2441	3.79354
30.3333	3.7955
30.3333	3.7955
30.2289	3.80455
30.3005	3.80684
30.1433	3.81359
30.2596	3.81533
30.2109	3.82178
30.1917	3.82441
30.3196	3.82636
30.2181	3.83221
30.2818	3.83403
30.1554	3.84095
30.202	3.84271
30.202	3.84271
30.1183	3.85211
30.1183	3.85211
30.1183	3.85211
30.2776	3.86324
30.3249	3.86489
30.0619	3.87184
30.0619	3.87184
30.0852	3.88036
30.0852	3.88036
30.2141	3.88415
30.0887	3.89035
30.1407	3.89248
30.0267	3.8991
30.0783	3.90137
30.0783	3.90137
30.0266	3.91051
30.1186	3.91257
30.1186	3.91257
30.0385	3.92234
29.9742	3.92703
29.8722	3.93032
30.232	3.93122
30.0258	3.93765
30.1231	3.9394
30.1231	3.9394
29.9947	3.94939
30.1553	3.95115
29.9707	3.9574
30.0413	3.95972
30.1212	3.96191
29.9122	3.96862
30.004	3.97117
29.8316	3.97715
29.9769	3.97966
29.8942	3.98471
29.9968	3.98704
30.0836	3.98929
29.8518	3.99592
29.9232	3.99875
30.0535	4.00142
29.8723	4.00766
29.9546	4.00991
29.8097	4.01663
29.8866	4.01835
29.8418	4.0249
29.8211	4.02727
29.9301	4.02919
29.8158	4.03505
29.8158	4.03505
29.7779	4.04367
29.7779	4.04367
29.7779	4.04367
29.6558	4.05507
29.7589	4.05693
29.8497	4.05929
29.6812	4.06617
29.7625	4.06827
29.8282	4.07112
29.7057	4.07704
29.814	4.07944
29.7304	4.08443
29.8681	4.08675
29.8276	4.09008
29.719	4.09515
29.719	4.09515
29.719	4.09515
29.7327	4.10661
29.7327	4.10661
29.6232	4.11537
29.8039	4.11792
30.3151	4.1109
30.3595	4.10794
30.649	4.10197
30.7834	4.09903
30.8114	4.0971
30.8114	4.0971
31.016	4.08862
31.0411	4.08643
31.1568	4.08276
31.2155	4.07927
31.2933	4.0747
31.3999	4.07169
31.5015	4.06772
31.665	4.06271
31.7437	4.06017
31.9006	4.05547
31.9906	4.05287
31.8739	4.05207
31.9404	4.04799
32.0771	4.04245
32.2181	4.04012
32.2282	4.03693
32.3339	4.03257
32.4986	4.02696
32.572	4.02446
32.4935	4.02118
32.8563	4.01405
32.8841	4.01117
32.8841	4.01117
32.8841	4.01117
33.2018	3.99726
33.2526	3.99405
33.2526	3.99405
33.2891	3.98845
33.5283	3.98084
33.5855	3.97764
33.5306	3.97588
33.5735	3.97284
33.7795	3.96581
33.7795	3.96581
33.833	3.95732
33.9252	3.95383
34.0408	3.95032
34.0663	3.94834
34.1152	3.94191
34.2189	3.93892
34.2891	3.93602
34.2891	3.93602
34.4522	3.92637
34.4649	3.92269
34.4987	3.91981
34.3653	3.91697
34.5947	3.91095
34.8173	3.90746
34.7455	3.9052
34.5802	3.90362
34.7591	3.89637
34.8201	3.89367
34.8988	3.89167
34.8988	3.89167
35.0272	3.88072
35.2839	3.8782
35.2328	3.87577
35.3753	3.86854
35.4282	3.86517
35.4345	3.86246
35.3588	3.86038
35.5601	3.85314
35.6415	3.84994
35.5804	3.84727
35.7452	3.84106
35.7785	3.83704
35.8247	3.83409
35.7772	3.83233
35.9406	3.82591
35.9406	3.82591
36.0038	3.81981
36.0038	3.81981
36.1791	3.80999
36.2326	3.80631
36.2578	3.80422
36.2859	3.80141
36.3808	3.79452
36.5087	3.79014
36.455	3.78901
36.455	3.78901
36.6288	3.77995
36.5554	3.77778
36.7404	3.77102
36.7476	3.76757
36.9603	3.76476
36.8687	3.76233
37.0104	3.75538
37.0405	3.75227
37.0697	3.74889
37.1368	3.74359
37.2604	3.73969
37.2866	3.7362
37.4315	3.73204
37.4315	3.73204
37.3753	3.72328
37.53	3.71974
37.5346	3.71609
37.6397	3.71188
37.6906	3.70824
37.7434	3.70615
37.7456	3.70012
37.8801	3.69714
37.8801	3.69714
37.7911	3.69188
37.9905	3.68458
38.0338	3.68162
38.0338	3.68162
38.1189	3.67284
38.2083	3.66932
38.2971	3.66592
38.2164	3.66293
38.285	3.6567
38.3056	3.65444
38.3489	3.65189
38.2294	3.64524
38.4306	3.64205
38.4772	3.63892
38.4936	3.63643
38.5724	3.63078
38.683	3.62707
38.683	3.62707
38.5716	3.62308
38.8592	3.61606
38.7876	3.61305
38.7885	3.61007
39.0046	3.60293
39.1008	3.59959
38.9767	3.59626
38.9852	3.59099
39.0471	3.58759
39.0514	3.58332
39.0514	3.58332
39.0077	3.57619
39.1048	3.57246
39.2163	3.56702
39.2163	3.56702
39.1749	3.55995
39.3888	3.55311
39.3287	3.55121
39.3615	3.54788
39.5174	3.54107
39.3544	3.53875
39.5789	3.53226
39.6761	3.52906
39.4985	3.52819
39.7114	3.52203
39.661	3.52038
39.5997	3.51833
39.6321	3.51375
39.5475	3.51014
39.9101	3.50411
39.8321	3.50121
39.8728	3.49823
40.0718	3.49171
39.9641	3.48907
40.0675	3.48272
40.0675	3.48272
40.0543	3.47449
40.0723	3.47064
40.2458	3.46566
40.2871	3.46159
40.0379	3.45998
40.3581	3.45472
40.3591	3.45187
40.2855	3.44966
40.4379	3.44333
40.4379	3.44333
40.5043	3.43855
40.3796	3.43574
40.4601	3.42978
40.4601	3.42978
40.4537	3.42351
40.4537	3.42351
40.4872	3.41519
40.6497	3.4122
40.5622	3.40741
40.6806	3.40353
40.7344	3.3991
40.7587	3.39594
40.6794	3.39253
40.7939	3.38797
40.877	3.38465
40.7737	3.38228
40.9195	3.37653
40.9916	3.37326
40.8965	3.3695
40.7916	3.36492
41.0416	3.36115
41.0241	3.35757
41.0042	3.35334
41.0935	3.34895
41.0993	3.3461
41.0407	3.34399
41.1417	3.33787
41.2245	3.33426
41.2245	3.33426
41.1673	3.32563
41.2622	3.32196
41.2729	3.31846
41.2729	3.31846
41.3568	3.31013
41.3691	3.30635
41.3839	3.30345
41.3559	3.29804
41.4096	3.29483
41.4417	3.29149
41.4274	3.28669
41.5032	3.28288
41.5481	3.27951
41.5481	3.27951
41.533	3.27102
41.5613	3.26759
41.662	3.26443
41.6315	3.25923
41.6692	3.25527
41.6564	3.25209
41.6564	3.25209
41.6754	3.24414
41.7302	3.24047
41.7926	3.23733
41.8644	3.23177
41.6376	3.22821
41.9208	3.22565
41.8438	3.22275
41.9884	3.21636
41.9884	3.21636
41.6851	3.2087
42.0207	3.2043
42.0207	3.2043
41.98	3.1964
42.0069	3.19193
42.0663	3.18874
41.972	3.18509
42.0646	3.18016
42.0747	3.17656
42.0054	3.17306
42.0536	3.16932
42.0712	3.16423
42.2151	3.15737
42.2151	3.15737
42.1036	3.15261
42.1036	3.15261
42.1474	3.14392
42.0903	3.14147
42.2378	3.13432
42.2662	3.13161
42.2662	3.13161
42.2218	3.12657
42.228	3.12086
42.3529	3.1144
42.3529	3.1144
42.2663	3.11018
42.2997	3.10365
42.0519	3.10202
42.0511	3.09934
42.2638	3.0946
42.2638	3.0946
42.301	3.0845
42.301	3.0845
42.301	3.0845
42.3045	3.07389
42.3054	3.07085
42.4285	3.06383
42.4285	3.06383
42.2778	3.06001
42.3867	3.0544
42.3027	3.052
42.1647	3.04794
42.436	3.04214
42.301	3.0399
42.301	3.0399
42.3367	3.0316
42.2742	3.02915
42.4048	3.02293
42.3318	3.02098
42.3318	3.02098
42.3159	3.01253
42.3159	3.01253
42.3025	3.00551
42.2932	3.00166
42.2884	2.99763
42.3616	2.99206
42.3007	2.98931
42.3062	2.98745
42.4063	2.9814
42.4063	2.9814
42.4548	2.97226
42.3837	2.97002
42.3837	2.97002
42.4764	2.96103
42.1798	2.95833
42.3755	2.95511
42.3907	2.95015
42.4095	2.94734
42.4095	2.94734
42.3387	2.93864
42.3387	2.93864
42.3852	2.92946
42.3975	2.92636
42.4642	2.92079
42.3855	2.91934
42.3855	2.91934
42.343	2.91088
42.3515	2.90767
42.5158	2.90056
42.4314	2.89846
42.4314	2.89846
42.4128	2.88877
42.4128	2.88877
42.418	2.88046
42.4136	2.87818
42.4136	2.87818
42.3793	2.86919
42.2352	2.86772
42.364	2.8647
42.2522	2.85918
42.2898	2.8567
42.4211	2.8503
42.2938	2.84802
42.2995	2.84538
42.3578	2.83951
42.2823	2.83715
42.3641	2.83061
42.3641	2.83061
42.4306	2.82217
42.2675	2.8199
42.2675	2.8199
42.3187	2.81112
42.3187	2.81112
42.3126	2.80275
42.2944	2.7999
42.2052	2.79789
42.2921	2.79124
42.2296	2.78892
42.2012	2.7829
42.2493	2.78014
42.142	2.77844
42.1968	2.77228
42.1247	2.77056
42.1236	2.7639
42.1236	2.7639
42.1637	2.75558
42.1519	2.75275
42.0773	2.75103
42.1706	2.7442
42.0925	2.74223
41.9995	2.73996
42.1207	2.73402
42.0122	2.73128
42.1171	2.72509
41.9081	2.72342
41.9523	2.71656
42.0486	2.71401
41.9772	2.71251
41.9982	2.70539
41.9165	2.70334
42.0221	2.69742
41.903	2.69526
41.8878	2.69277
41.9379	2.68601
41.8865	2.68424
41.8865	2.67767
41.9059	2.67532
41.9059	2.67532
41.9287	2.66614
41.8346	2.66413
41.8346	2.66413
41.8344	2.65565
41.7716	2.65369
41.8099	2.64648
41.7253	2.64553
41.7253	2.64553
41.7392	2.6364
41.7392	2.6364
41.7062	2.62735
41.7062	2.62735
41.6992	2.61837
41.7131	2.61638
41.6019	2.61456
41.632	2.60784
41.5666	2.60622
41.6202	2.59949
41.6202	2.59949
41.6202	2.59949
41.5369	2.58819
41.5369	2.58819
41.5157	2.57998
41.4954	2.57709
41.3873	2.57579
41.3971	2.56903
41.3451	2.56734
41.3872	2.55932
41.3161	2.55875
41.3705	2.55186
41.3705	2.55186
41.1863	2.54788
41.2514	2.54145
41.2514	2.54145
41.1246	2.53667
41.2009	2.5301
41.0758	2.52756
41.1522	2.52193
41.1806	2.5203
41.1241	2.51379
41.1241	2.51379
41.0084	2.50861
41.0207	2.50211
41.0252	2.50028
41.0497	2.49427
40.9695	2.4917
40.9695	2.4917
41.0052	2.48255
40.9025	2.48079
40.9343	2.47388
40.9343	2.47388
40.8131	2.46984
40.8131	2.46984
40.8568	2.46158
40.7753	2.45889
40.7375	2.45271
40.7375	2.45271
40.7375	2.45271
40.6161	2.442
40.6074	2.43968
40.6074	2.43968
40.5235	2.43031
40.5235	2.43031
40.5068	2.42391
40.5068	2.42391
40.4932	2.41635
40.5343	2.41191
40.4171	2.40856
40.4245	2.40367
40.1868	2.40836
40.0969	2.41162
39.7836	2.41722
39.6932	2.42057
39.4926	2.42733
39.3938	2.42896
39.2745	2.43051
39.0653	2.43791
38.9949	2.44097
38.8965	2.44332
38.6465	2.45025
38.5124	2.45218
38.4038	2.45881
38.3485	2.4616
38.2139	2.46706
38.0973	2.47017
38.0016	2.47186
37.9025	2.47648
37.7658	2.4789
37.605	2.48529
37.605	2.48529
37.5401	2.48996
37.3642	2.4968
37.2874	2.49881
37.1143	2.50552
37.1038	2.50816
37.0058	2.50978
36.8822	2.51668
36.8008	2.51917
36.69	2.52505
36.6833	2.52619
36.5694	2.52844
36.3956	2.53601
36.3956	2.53601
36.2443	2.54408
36.2242	2.54621
36.2303	2.54871
36.0018	2.55471
36.0018	2.55471
35.8946	2.55869
35.8103	2.56611
35.7368	2.57194
35.6476	2.57455
35.6476	2.57455
35.5371	2.58216
35.5371	2.58216
35.406	2.59108
35.3622	2.59383
35.3622	2.59383
35.0874	2.60234
35.2111	2.60479
35.0057	2.61062
35.1761	2.61356
35.0398	2.6159
34.9498	2.62261
34.92	2.62432
34.8293	2.62976
34.8097	2.63263
34.8097	2.63263
34.6577	2.64021
34.6692	2.64313
34.6692	2.64313
34.4826	2.6505
34.4826	2.6505
34.3872	2.66008
34.3872	2.66008
34.2213	2.66931
34.2213	2.66931
34.2213	2.66931
34.0871	2.67975
34.0871	2.67975
34.0147	2.68813
34.0147	2.68813
34.0215	2.69297
33.8366	2.69983
33.8459	2.70225
33.8466	2.70872
33.8259	2.71087
33.7806	2.71255
33.6066	2.71989
33.6863	2.72226
33.5877	2.72826
33.5877	2.72826
33.565	2.7322
33.5154	2.73889
33.5154	2.73889
33.5109	2.7475
33.4824	2.7493
33.4588	2.75162
33.3001	2.75846
33.2972	2.76111
33.3828	2.76343
33.2239	2.76877
33.1051	2.7748
33.1092	2.77818
33.1794	2.77968
33.2387	2.78219
33.1335	2.78759
33.1335	2.78759
33.093	2.79374
33.007	2.79928
33.007	2.79928
32.9405	2.80778
32.8343	2.80993
33.0291	2.81312
32.897	2.81916
32.897	2.81916
32.756	2.82786
32.8667	2.82902
32.83	2.83299
32.8307	2.83701
32.7731	2.84057
32.7731	2.84057
32.6553	2.85014
32.658	2.85346
32.658	2.85346
32.6275	2.86177
32.4906	2.8647
32.6132	2.86806
32.5421	2.87242
32.5517	2.87577
32.4921	2.88077
32.4921	2.88077
32.4536	2.88758
32.4222	2.8922
32.4222	2.8922
32.3327	2.90103
32.3327	2.90103
32.2063	2.91057
32.3058	2.91277
32.2878	2.91553
32.1902	2.92219
32.1902	2.92219
32.1056	2.9306
32.0632	2.93378
32.1686	2.93597
32.0615	2.94261
32.0615	2.94261
31.9693	2.95056
31.9693	2.95056
32.0759	2.95544
31.9449	2.96083
32.0279	2.96251
31.9497	2.96982
32.0716	2.97208
32.0577	2.97423
31.8966	2.98085
32.0509	2.98331
32.0464	2.98549
31.8727	2.99145
31.9331	2.99388
31.778	3.00031
31.9248	3.00217
31.7966	3.00841
31.7695	3.01068
31.94	3.01297
31.7737	3.02003
31.8224	3.02119
31.903	3.0239
31.7635	3.02995
31.7635	3.02995
31.6065	3.03967
31.6505	3.04134
31.7289	3.04436
31.5156	3.04959
31.6563	3.05229
31.5272	3.05957
31.5954	3.0608
31.4818	3.06673
31.5462	3.06897
31.598	3.07114
31.5046	3.07803
31.5525	3.08009
31.4597	3.08672
31.4597	3.08672
31.5318	3.09156
31.4221	3.09776
31.4221	3.09776
31.3969	3.10651
31.3814	3.10951
31.4719	3.11392
31.3649	3.11648
31.3617	3.11857
31.2868	3.12529
31.2018	3.12763
31.3816	3.13372
31.361	3.13655
31.4303	3.139
31.287	3.14512
31.3995	3.14731
31.3206	3.15329
31.3722	3.15595
31.363	3.15773
31.3195	3.16386
31.3949	3.16536
31.2637	3.17219
31.3281	3.17421
31.4047	3.1767
31.2671	3.18302
31.3122	3.18502
31.397	3.18774
31.2818	3.194
31.2818	3.194
31.1752	3.20397
31.2818	3.20552
31.1602	3.21233
31.1602	3.21233
31.2293	3.21687
31.0723	3.22296
31.1958	3.22481
31.2811	3.22761
31.1946	3.23331
31.1946	3.23331
31.0886	3.24397
31.1824	3.24563
31.239	3.24792
31.14	3.25408
31.24	3.25632
31.0779	3.26254
31.0779	3.26254
31.0736	3.27059
31.188	3.27244
31.188	3.27244
31.0774	3.28167
31.0774	3.28167
31.0042	3.29017
31.0042	3.29017
31.0946	3.29522
30.9613	3.30183
30.9613	3.30183
30.9888	3.31026
30.9631	3.31267
30.9683	3.31777
30.9683	3.31777
31.114	3.32224
30.9614	3.3292
30.9614	3.3292
30.8783	3.33763
30.9505	3.3407
31.0031	3.34214
30.9197	3.34913
30.9197	3.34913
30.9337	3.35684
30.9234	3.36051
30.9689	3.36182
30.9037	3.36765
30.9937	3.36962
30.8825	3.37627
30.7027	3.37835
30.9354	3.38046
30.9002	3.38697
30.964	3.38876
31.0375	3.39205
30.8734	3.39732
30.9583	3.39933
30.9042	3.40652
31.0295	3.40832
30.9158	3.41455
30.9059	3.41825
31.0062	3.4192
30.8437	3.4258
31.0085	3.42796
31.0085	3.42796
30.9486	3.43648
30.9191	3.43951
30.842	3.44625
30.842	3.44625
30.947	3.45108
30.8591	3.45707
30.8243	3.45882
30.8059	3.46534
30.9093	3.46683
30.6968	3.47338
30.8226	3.47564
30.7802	3.47799
30.7802	3.47799
30.8965	3.48705
30.7759	3.49333
30.8605	3.4961
30.8153	3.49819
30.7684	3.50495
30.753	3.50674
30.6796	3.51343
30.774	3.51669
30.6167	3.52082
30.825	3.52305
30.8974	3.52528
30.794	3.53192
30.794	3.53192
30.7315	3.54051
30.7085	3.5435
30.7652	3.54483
30.6742	3.55206
30.7414	3.55375
30.6911	3.55984
30.6911	3.55984
30.7602	3.56429
30.6291	3.57065
30.7508	3.57271
30.6397	3.57909
30.6941	3.58127
30.7858	3.58311
30.6729	3.59
30.7835	3.591
30.7835	3.591
30.7168	3.6008
30.7965	3.60306
30.6881	3.60968
30.5984	3.61148
30.5984	3.61148
30.5558	3.62056
30.7989	3.623
30.6766	3.62957
30.7461	3.63053
30.7461	3.63053
30.739	3.63968
30.739	3.63968
30.8657	3.6457
30.7305	3.65119
30.7305	3.65119
30.8073	3.65701
30.7582	3.6622
30.7582	3.6622
30.7454	3.66874
30.8411	3.67259
30.7658	3.67669
30.7641	3.68089
30.7327	3.68502
31.0153	3.68032
31.2437	3.6762
31.1708	3.67319
31.5482	3.66941
31.7257	3.66458
31.5021	3.6614
31.9311	3.65738
31.8517	3.65339
31.9679	3.64983
32.1499	3.64532
32.2574	3.6415
32.2651	3.63835
32.3646	3.63402
32.601	3.62981
32.6917	3.62675
32.7444	3.6221
32.9112	3.61834
32.8371	3.61491
32.9523	3.61043
33.0761	3.60637
33.1752	3.60322
33.1882	3.59993
33.2712	3.59717
33.4238	3.59092
33.4815	3.58655
33.4815	3.58655
33.3794	3.58299
33.6365	3.57675
33.6551	3.57359
33.6551	3.57359
33.6551	3.57359
33.7054	3.56463
33.956	3.55794
33.8881	3.55623
33.9142	3.55251
34.1827	3.54591
33.9228	3.54382
34.1564	3.54021
34.4016	3.53273
34.4772	3.53033
34.4772	3.53033
34.5052	3.52072
34.6967	3.51733
34.7199	3.51386
34.7199	3.51386
34.833	3.50484
34.8961	3.50087
35.0098	3.49785
35.0098	3.49785
34.9685	3.49005
35.1636	3.48549
35.2629	3.4821
35.1915	3.48031
35.2458	3.47402
35.4773	3.47081
35.404	3.46841
35.4623	3.46073
35.4938	3.45866
35.5168	3.4543
35.6287	3.45056
35.7331	3.4465
35.7331	3.4465
35.7778	3.43937
35.8705	3.43476
35.9974	3.43143
36.0142	3.42765
36.0765	3.42287
36.1591	3.41923
36.1819	3.41617
36.1619	3.41166
36.2593	3.40694
36.3716	3.40361
36.4019	3.40015
36.4978	3.39519
36.3822	3.39364
36.403	3.39191
36.6154	3.38443
36.6717	3.38131
36.7142	3.37886
36.5243	3.37672
36.8944	3.3693
36.8944	3.3693
36.8944	3.3693
36.938	3.35658
37.0068	3.3527
37.0508	3.35035
37.0508	3.35035
36.9438	3.34525
37.1861	3.33783
37.023	3.33466
37.2221	3.33191
37.3316	3.32559
37.3939	3.3222
37.3217	3.31986
37.4737	3.31354
37.4597	3.31011
37.4923	3.30733
37.421	3.3055
37.5506	3.29857
37.5983	3.2958
37.5983	3.2958
37.6068	3.286
37.6757	3.28278
37.7415	3.27923
37.7808	3.27491
37.8303	3.27095
37.9281	3.26724
37.973	3.26472
37.9725	3.2593
38.0662	3.2549
38.1243	3.25188
38.1243	3.25188
38.1022	3.24387
38.1549	3.24035
38.0935	3.23789
38.2084	3.23272
38.235	3.22955
38.2539	3.22692
38.2539	3.22692
38.4361	3.21665
38.45	3.21351
38.2887	3.21088
38.4332	3.2083
38.5414	3.20139
38.6394	3.19656
38.6629	3.19427
38.5924	3.19178
38.7045	3.18473
38.7418	3.18132
38.7816	3.1764
38.8496	3.17221
38.8451	3.16891
38.7857	3.16709
38.7671	3.16051
38.8962	3.1571
38.8856	3.15439
38.9229	3.14899
39.0031	3.14514
39.0529	3.14123
39.0819	3.13897
38.9694	3.13367
39.1127	3.12973
39.1014	3.12647
39.17	3.12327
39.17	3.12327
39.2318	3.11391
39.1709	3.11209
39.1039	3.10984
39.2358	3.10231
39.2676	3.09997
39.2826	3.09727
39.1834	3.09518
39.3584	3.08751
39.3584	3.08751
39.3801	3.08238
39.4447	3.07568
39.5053	3.07149
39.5053	3.07149
39.3514	3.06703
39.5373	3.05985
39.5373	3.05985
39.4981	3.05435
39.5361	3.04787
39.6197	3.04443
39.6843	3.04083
39.5994	3.03952
39.6935	3.03174
39.7144	3.02897
39.7144	3.02897
39.6258	3.02417
39.7108	3.01763
39.7114	3.01466
39.735	3.00913
39.8122	3.00494
39.8279	3.00151
39.8567	2.99816
39.8567	2.99816
39.9092	2.98958
39.9157	2.98623
39.9157	2.98623
39.95	2.97822
39.9408	2.97397
39.9408	2.97397
39.9784	2.9665
40.0736	2.96228
39.9672	2.95822
40.0333	2.95515
40.0843	2.95096
40.1408	2.94677
40.1408	2.94677
40.1408	2.94677
39.9473	2.93517
40.26	2.93107
40.1814	2.92793
40.1557	2.92281
40.1736	2.9196
40.1736	2.9196
40.1699	2.91098
40.1699	2.91098
40.1493	2.90453
40.245	2.89949
40.148	2.89572
40.1524	2.89236
40.2281	2.88716
40.2281	2.88716
40.1834	2.88045
40.3163	2.87426
40.2359	2.87148
40.4292	2.86474
40.4292	2.86474
40.2324	2.86071
40.2324	2.86071
40.256	2.85241
40.256	2.85241
40.232	2.84383
40.3049	2.8406
40.245	2.83787
40.2991	2.8318
40.2004	2.82961
40.3267	2.82354
40.3267	2.82354
40.1879	2.81847
40.339	2.81359
40.192	2.81056
40.1908	2.80639
40.2192	2.80169
40.2477	2.79777
40.3442	2.79145
40.2529	2.78979
40.2376	2.78668
40.3242	2.78105
40.1868	2.77837
40.2981	2.77206
40.2287	2.77019
40.2287	2.77019
40.3106	2.76137
40.2195	2.75926
40.2841	2.75215
40.2841	2.75215
40.1921	2.74757
40.2756	2.74072
40.2756	2.74072
40.3103	2.73238
40.3103	2.73238
40.3331	2.72437
40.3331	2.72437
40.1423	2.71958
40.2668	2.71354
40.2668	2.71354
40.2424	2.70476
40.3309	2.70221
40.0644	2.70066
40.3092	2.69378
40.3092	2.69378
40.1476	2.68515
40.3385	2.68265
40.2312	2.68036
40.2794	2.6739
40.2794	2.6739
40.2439	2.66524
40.1892	2.66414
40.2476	2.65708
40.239	2.65501
40.0749	2.65265
40.2218	2.6462
40.1247	2.64386
40.1247	2.64386
40.1933	2.63561
40.0498	2.63384
40.2108	2.62677
40.1608	2.62531
40.18	2.61765
40.1308	2.61645
40.0716	2.61412
40.1224	2.60735
40.0344	2.60574
40.0344	2.60574
40.0583	2.59713
40.0583	2.59713
40.0163	2.58896
39.9289	2.58662
39.8998	2.58342
40.0365	2.5778
39.9559	2.57546
39.9857	2.56827
39.7821	2.56708
39.7551	2.56383
39.7551	2.56383
39.7622	2.55576
39.9275	2.54823
39.7811	2.54647
39.7811	2.54647
39.7691	2.53747
39.7136	2.53574
39.758	2.52838
39.758	2.52838
39.7982	2.5218
39.7263	2.51851
39.6512	2.51706
39.6493	2.51021
39.6166	2.50936
39.6245	2.50203
39.6173	2.49873
39.6173	2.49873
39.6322	2.49057
39.6322	2.49057
39.5145	2.48582
39.5806	2.4794
39.4881	2.47711
39.5057	2.47028
39.5057	2.47028
39.4625	2.46341
39.4625	2.46341
39.3018	2.45476
39.3874	2.45227
39.3766	2.44949
39.4472	2.44317
39.3655	2.44129
39.3655	2.44129
39.3886	2.43087
39.3886	2.43087
39.3128	2.42325
39.3037	2.4213
39.279	2.41538
39.279	2.41538
39.1723	2.41152
39.1455	2.40449
39.1903	2.40245
39.1203	2.39954
39.1649	2.39379
39.1649	2.39379
39.1637	2.38512
39.0848	2.38366
39.0567	2.38074
39.0934	2.37417
39.0934	2.37417
39.0801	2.36521
39.0249	2.36363
38.9393	2.36092
38.9411	2.35456
38.8737	2.35258
38.8808	2.34524
38.8947	2.34366
38.8364	2.34139
38.6793	2.33399
38.7368	2.33214
38.7728	2.32968
38.7766	2.32484
38.7766	2.32484
38.6462	2.31867
38.6593	2.31347
38.5673	2.31069
38.4472	2.30626
38.4932	2.30277
38.5816	2.29904
38.6115	2.29367
38.527	2.29153
38.5029	2.2852
38.5029	2.2852
38.5029	2.2852
38.432	2.27356
38.3524	2.27124
38.0604	2.2783
37.943	2.28072
37.6887	2.28724
37.5523	2.29062
37.5217	2.29334
37.3067	2.29837
37.2391	2.30166
37.0914	2.3068
37.0008	2.3104
36.8997	2.31214
36.5838	2.31818
36.5838	2.31818
36.5366	2.32601
36.5346	2.3297
36.276	2.333
36.2712	2.33618
36.1394	2.34174
36.0329	2.34489
35.994	2.34699
35.8735	2.35345
35.8039	2.35616
35.669	2.36099
35.4474	2.36493
35.6024	2.36677
35.3988	2.37282
35.3457	2.37547
35.3588	2.38057
35.2116	2.38134
35.2116	2.38134
35.18	2.39018
35.1405	2.39269
34.9339	2.3987
34.9034	2.40113
34.9167	2.40401
34.7823	2.41044
34.737	2.41222
34.5925	2.41895
34.5543	2.42137
34.4296	2.42784
34.4181	2.43049
34.3944	2.43074
34.2754	2.43764
34.2541	2.43992
34.1228	2.44652
34.0993	2.44922
34.0993	2.44922
33.8147	2.45779
33.9566	2.45969
33.8563	2.46672
33.8426	2.46896
33.7959	2.47105
33.648	2.47794
33.648	2.47794
33.5879	2.48558
33.6366	2.48755
33.5618	2.49335
33.4546	2.49604
33.4316	2.49828
33.3375	2.50489
33.3258	2.5072
33.3155	2.50878
33.1921	2.51518
33.2457	2.51752
33.1177	2.524
33.1123	2.52615
32.9711	2.53293
32.949	2.53491
32.949	2.53491
32.8594	2.54343
32.8594	2.54343
32.8594	2.54343
32.8038	2.55397
32.7835	2.556
32.5962	2.5619
32.5962	2.5619
32.5962	2.5619
32.516	2.57469
32.5908	2.57658
32.4856	2.58217
32.4856	2.58217
32.4856	2.58217
32.3933	2.59292
32.3933	2.59292
32.3383	2.60223
32.2734	2.60417
32.344	2.60662
32.2307	2.61331
32.2869	2.61551
32.1676	2.62182
32.1676	2.62182
32.1655	2.6302
32.0675	2.63284
32.2048	2.63429
32.0995	2.63983
32.0995	2.63983
32.0114	2.64863
32.0303	2.65248
32.0303	2.65248
31.9642	2.66051
31.9642	2.66051
31.9359	2.66518
31.8176	2.67212
31.8706	2.67427
31.781	2.68091
31.781	2.68091
31.7686	2.68831
31.7686	2.68831
31.7054	2.69651
31.7079	2.69913
31.7155	2.70169
31.6276	2.70803
31.4771	2.7103
31.7112	2.71299
31.5617	2.71869
31.649	2.72137
31.5031	2.72819
31.4908	2.72997
31.4225	2.73614
31.5117	2.73823
31.5117	2.73823
31.5483	2.74318
31.5053	2.74828
31.5053	2.74828
31.5242	2.7546
31.4938	2.75898
31.405	2.76284
31.405	2.76284
31.4477	2.77019
31.4486	2.77401
31.3406	2.77891
31.3406	2.77891
31.2423	2.78713
31.2999	2.79008
31.3002	2.79378
31.2096	2.79837
31.2096	2.79837
31.1494	2.80857
31.1189	2.81123
31.2015	2.81373
31.0219	2.82065
31.0712	2.82252
31.0493	2.82887
31.0493	2.82887
30.9993	2.83691
30.9993	2.83691
31.0328	2.84519
31.0263	2.84834
31.0298	2.85309
30.9743	2.85626
30.9764	2.85898
30.9718	2.86505
30.8391	2.8676
31.0158	2.8696
30.929	2.87621
30.929	2.87621
30.9245	2.88429
30.9207	2.88703
30.924	2.89094
30.924	2.89094
30.8981	2.89928
30.8981	2.89928
30.9205	2.90444
30.8941	2.91109
30.8287	2.91291
30.9183	2.91529
30.8273	2.92213
30.8273	2.92213
30.7379	2.93029
30.7379	2.93029
30.7808	2.93906
30.7579	2.94111
30.8663	2.94352
30.735	2.95014
30.8001	2.95116
30.9158	2.95424
30.753	2.96005
30.753	2.96005
30.7242	2.96872
30.7805	2.97121
30.7805	2.97121
30.6623	2.9803
30.6378	2.98241
30.661	2.98914
30.7322	2.99058
30.5452	2.99677
30.6408	2.99941
30.7234	3.00148
30.6372	3.00873
30.6758	3.01027
30.6195	3.01735
30.5735	3.01992
30.6455	3.02116
30.6129	3.02793
30.6128	3.03032
30.5093	3.03547
30.5883	3.03875
30.7233	3.04042
30.5579	3.04693
30.6067	3.04855
30.4763	3.05544
30.5623	3.05737
30.6564	3.05895
30.5507	3.06656
30.5507	3.06656
30.4192	3.07468
30.5039	3.07695
30.567	3.07939
30.5012	3.08617
30.5012	3.08617
30.4656	3.09418
30.5331	3.09581