3.19376	5.31232
2.34354	5.31228
4.78426	5.29253
6.59649	5.27277
5.98961	5.27281
8.02255	5.25318
7.65165	5.25316
9.49926	5.23362
9.08751	5.23295
11.1917	5.21355
12.9977	5.19376
12.7972	5.19368
14.6111	5.17426
13.8153	5.17423
15.0743	5.15424
17.4796	5.13476
16.5559	5.13468
18.041	5.1144
18.2016	5.11436
19.8432	5.09467
22.2628	5.07525
21.6403	5.07521
22.7835	5.05471
22.8326	5.05475
24.209	5.03526
25.1778	5.02437
25.7282	5.01499
27.4744	4.99569
26.9208	4.99569
28.2263	4.97589
27.2845	4.97578
28.6151	4.95567
30.5495	4.93627
30.051	4.93614
31.0777	4.9158
31.1488	4.91575
32.4385	4.89611
34.1278	4.87662
33.2366	4.87651
34.8601	4.85679
34.5961	4.85665
35.7041	4.83687
37.0459	4.8174
36.3506	4.81744
38.0011	4.79613
36.9764	4.79602
38.705	4.77646
38.4251	4.77593
38.9469	4.7566
40.5094	4.73692
40.3311	4.73695
41.7087	4.71737
41.1111	4.71732
42.3198	4.69714
43.0865	4.6775
42.5671	4.67763
43.591	4.65749
43.3205	4.65751
44.3152	4.63785
45.7162	4.61813
44.9088	4.61813
45.9193	4.59788
45.3906	4.59788
46.6056	4.57829
46.3602	4.57829
47.146	4.55851
47.9826	4.53872
47.1622	4.53879
47.8984	4.51854
47.5858	4.51849
48.2598	4.49835
49.1109	4.47861
48.4269	4.47862
49.236	4.45863
48.8805	4.45855
49.7063	4.43906
49.6049	4.43777
50.348	4.41924
50.8551	4.399
50.4517	4.39896
50.938	4.37925
50.8873	4.37929
51.3196	4.3596
52.2316	4.33967
51.6516	4.33974
51.9359	4.31988
51.8328	4.31983
52.3596	4.29969
52.9511	4.28002
52.5238	4.28
52.8579	4.25892
52.3951	4.25876
53.0347	4.23909
52.7534	4.23765
52.9316	4.2193
53.4573	4.19929
53.1962	4.19918
53.5706	4.17963
53.284	4.17973
53.4719	4.15954
53.9656	4.13984
53.4646	4.1399
54.0296	4.12002
53.6107	4.11998
53.6983	4.09981
54.3864	4.08024
53.7267	4.0803
53.8924	4.06047
53.7547	4.06041
53.8934	4.04061
53.6987	4.03696
53.6804	4.02078
53.941	4.00011
53.6181	4.00004
53.8059	3.98048
53.4257	3.98042
53.5074	3.96066
53.7647	3.9405
53.5387	3.9405
53.4476	3.92101
53.23	3.92101
53.3391	3.90142
53.6429	3.88122
52.8905	3.8812
53.1597	3.86148
52.8651	3.86143
52.9505	3.8414
52.9882	3.83267
52.6898	3.82179
52.793	3.80196
52.496	3.80194
52.5641	3.78167
52.3184	3.78177
52.2355	3.76198
52.4413	3.74215
51.8396	3.74206
52.028	3.72161
51.7226	3.72165
51.6724	3.70193
52.0625	3.68173
51.587	3.68171
51.6588	3.66179
51.2024	3.66188
51.2312	3.64207
51.2089	3.63851
51	3.62241
51.1164	3.60259
50.7006	3.60258
50.7467	3.58234
50.4192	3.58237
50.4706	3.56268
50.5908	3.54288
50.1317	3.54285
50.204	3.52279
49.8575	3.52277
49.8555	3.50313
50.1678	3.4854
49.5034	3.48297
49.6984	3.4627
49.2356	3.46274
49.1451	3.44309
48.9435	3.44303
48.8388	3.42306
48.9775	3.40339
48.5999	3.40335
48.4724	3.38308
48.1498	3.38314
48.1173	3.36316
48.2932	3.34368
47.7668	3.3436
47.9454	3.3236
47.5764	3.32349
47.5703	3.30376
47.9603	3.28427
47.2622	3.28395
47.208	3.26369
46.9515	3.26398
46.9285	3.24403
46.6651	3.24406
46.5293	3.22403
46.5462	3.20427
46.224	3.20425
46.1593	3.18304
45.8463	3.18308
45.7134	3.16322
45.8041	3.14327
45.436	3.14326
45.3758	3.12357
45.1665	3.12363
45.0456	3.10389
45.1605	3.0841
44.6471	3.08412
44.5702	3.06402
44.4173	3.06394
44.2847	3.04395
44.218	3.02417
44.002	3.02416
43.7428	3.00443
43.5169	3.00442
43.4055	2.98463
43.6862	2.96488
43.1503	2.96479
42.9741	2.94475
42.7963	2.94477
42.7141	2.92444
42.4845	2.92375
42.2557	2.9048
42.1465	2.88513
41.957	2.88513
41.8147	2.86463
41.7376	2.86476
41.5272	2.84491
41.4898	2.8249
41.1547	2.82491
41.0843	2.8052
40.8999	2.80527
40.7792	2.7853
40.7524	2.76522
40.3951	2.76521
40.3125	2.74543
40.0834	2.7454
39.9178	2.72522
39.9844	2.71079
39.6147	2.70563
39.483	2.68584
39.308	2.68574
39.1868	2.66519
38.9443	2.66509
38.7346	2.64549
38.7539	2.62568
38.4255	2.62571
38.3426	2.60581
38.24	2.60578
37.9537	2.58583
37.9551	2.5658
37.6826	2.5656
37.581	2.54587
37.3793	2.54584
37.272	2.52633
37.3415	2.50629
36.9358	2.50603
36.7981	2.48614
36.6736	2.48638
36.4968	2.46628
36.276	2.46619
36.1528	2.44641
36.0316	2.42628
35.8426	2.4265
35.6705	2.40648
35.5136	2.40653
35.3499	2.38659
35.2909	2.36645
35.025	2.36639
34.8835	2.34661
34.7239	2.34654
34.525	2.32708
34.5383	2.30682
34.1725	2.30673
34.0772	2.28693
33.9057	2.28676
33.7213	2.26707
33.7201	2.25798
33.4172	2.24699
33.305	2.227
33.1662	2.22706
32.8845	2.20698
32.7962	2.207
32.6209	2.18718
32.4603	2.16743
32.2779	2.16744
32.0837	2.14723
31.9719	2.14735
31.8059	2.12691
31.7472	2.10697
31.4384	2.10697
31.2781	2.08705
31.1853	2.08702
30.9457	2.06729
30.9959	2.04719
30.6204	2.04719
30.526	2.02731
30.3463	2.02729
30.1831	2.00739
30.0631	2.00727
29.8942	1.98765
29.7244	1.96785
29.5667	1.96786
29.356	1.94766
29.2372	1.94765
29.0319	1.9288
28.9172	1.90784
28.7275	1.90787
28.51	1.888
28.3406	1.88809
28.1808	1.86804
28.1203	1.84788
27.8639	1.84792
27.6654	1.82793
27.5447	1.82799
27.3703	1.80817
27.3433	1.78842
27.0366	1.78818
26.8631	1.76827
26.6975	1.76837
26.5285	1.74818
26.4746	1.74313
26.2168	1.72851
26.0337	1.70846
25.8973	1.70846
25.7143	1.68856
25.5987	1.68855
25.3799	1.66869
25.2534	1.64864
25.1056	1.6486
24.8549	1.62876
24.758	1.62869
24.5044	1.60886
24.3876	1.58858
24.1786	1.58847
24.0377	1.56882
23.8907	1.56873
23.6751	1.54866
23.6332	1.52928
23.3498	1.52899
23.1614	1.509
23.0501	1.50893
22.8484	1.48902
22.7694	1.48766
22.5486	1.46905
22.3121	1.4491
22.2001	1.44914
21.9862	1.42924
21.9218	1.42915
21.6477	1.40931
21.5058	1.38931
21.3306	1.3893
21.112	1.36983
21.0486	1.36979
20.8236	1.34954
20.6562	1.32953
20.5083	1.32943
20.271	1.30947
20.1776	1.30952
19.9394	1.28956
19.8842	1.27664
19.6184	1.26955
19.419	1.24979
19.3253	1.24977
19.0743	1.22967
19.0356	1.22966
18.7686	1.20981
18.5795	1.18985
18.4602	1.18982
18.2305	1.16976
18.1559	1.16973
17.9034	1.14968
17.7221	1.12992
17.6174	1.12988
17.3541	1.10919
17.298	1.1093
17.0602	1.09007
16.8888	1.07022
16.7426	1.07011
16.4976	1.04998
16.4447	1.05003
16.1866	1.03011
16.138	1.02982
15.886	1.01052
15.6383	0.990121
15.572	0.990152
15.3188	0.970195
15.2577	0.970207
14.9978	0.950228
14.7621	0.930309
14.6839	0.930286
14.439	0.910381
14.3817	0.910392
14.0951	0.890528
13.8891	0.870459
13.8068	0.87049
13.5282	0.850654
13.4998	0.850669
13.2214	0.830556
13.1731	0.830584
12.903	0.810742
12.648	0.790699
12.5797	0.790648
12.3177	0.770591
12.2778	0.770713
12.0006	0.75125
11.7833	0.730817
11.6883	0.730845
11.3804	0.709933
11.3483	0.709758
11.0805	0.68988
10.8748	0.671054
10.7816	0.67099
10.5042	0.651125
10.4669	0.651054
10.1735	0.630949
10.1459	0.630284
9.86771	0.611354
9.59381	0.591235
9.556	0.591121
9.27239	0.571433
9.22778	0.571232
8.92701	0.551462
8.66757	0.531449
8.62028	0.531418
8.32808	0.511345
8.29629	0.511133
8.0069	0.491388
7.75435	0.471531
7.68639	0.471596
7.38492	0.451204
7.36119	0.451345
7.07755	0.431339
7.04555	0.430295
6.74589	0.411677
6.44269	0.391677
6.41778	0.391604
6.12002	0.371749
6.09957	0.371797
5.79525	0.351826
5.49821	0.331851
5.47287	0.331928
5.16348	0.311927
5.14289	0.311919
4.84064	0.292105
4.62935	0.277307
4.50663	0.271846
4.19856	0.252223
4.1809	0.25219
3.86141	0.231883
3.86003	0.232152
3.53504	0.2121
3.22261	0.192137
3.20645	0.192077
2.88573	0.172218
2.87562	0.172176
2.55216	0.152255
2.23568	0.132201
2.219	0.132224
1.89365	0.112337
1.88541	0.112212
1.55512	0.0923597
1.55341	0.0924067
1.22476	0.0726239
0.88504	0.0521993
0.88498	0.0523517
0.550797	0.0324855
0.550342	0.0325509
0.215557	0.0127055
0.103328	0.00608159
0.10362	0.00611916
0.436839	0.0259743
0.438742	0.0260439
0.744932	0.0445256
0.745437	0.0445441
1.09953	0.0660781
1.42197	0.0859313
1.42311	0.0858165
1.74734	0.105953
1.74689	0.105911
2.06624	0.125777
2.37087	0.145727
2.38335	0.145797
2.69494	0.16568
2.70316	0.165759
3.01061	0.185846
3.01748	0.185991
3.32325	0.206013
3.6196	0.225726
3.6264	0.225608
3.927	0.24563
3.93654	0.245707
4.23054	0.265524
4.51707	0.285416
4.53952	0.285408
4.82357	0.305436
4.84464	0.30554
5.14079	0.326019
5.14872	0.326007
5.42892	0.345444
5.7048	0.365355
5.71707	0.365284
5.99709	0.384739
6.00516	0.384742
6.29686	0.405124
6.57511	0.426166
6.60564	0.426312
6.85319	0.444811
6.86063	0.444795
7.14024	0.465053
7.28604	0.477746
7.42033	0.484711
7.67952	0.504742
7.70581	0.504867
7.97489	0.524739
7.99206	0.524776
8.26593	0.544735
8.51936	0.564855
8.54887	0.564666
8.79897	0.58465
8.81577	0.584724
9.07652	0.604541
9.30061	0.624403
9.35679	0.624596
9.60901	0.64462
9.63949	0.64462
9.88856	0.664409
10.0558	0.683199
10.1537	0.684562
10.3877	0.704715
10.4335	0.70466
10.6711	0.724342
10.6919	0.724322
10.9536	0.744676
11.1659	0.764098
11.1867	0.764033
11.4406	0.784117
11.4653	0.784131
11.7059	0.803983
11.8856	0.824129
11.9609	0.824139
12.176	0.843978
12.214	0.84401
12.4706	0.863935
12.4771	0.863977
12.7091	0.883914
12.9315	0.903885
12.9667	0.903876
13.2048	0.923807
13.2326	0.923824
13.4311	0.94334
13.6195	0.96351
13.7085	0.963573
13.9166	0.983577
13.9528	0.9836
14.1648	1.00343
14.1738	1.00391
14.4251	1.02351
14.6222	1.04325
14.69	1.04336
14.9085	1.06335
14.9227	1.06331
15.1539	1.08364
15.3191	1.10353
15.4232	1.10362
15.5979	1.12322
15.6396	1.12323
15.8447	1.14281
15.876	1.15587
16.07	1.16299
16.2662	1.18324
16.3474	1.18325
16.5497	1.20311
16.566	1.20316
16.7708	1.22305
16.9249	1.24305
17.0217	1.24301
17.2053	1.26297
17.2506	1.26305
17.4522	1.28295
17.5226	1.30137
17.6931	1.3029
17.8662	1.32277
17.9346	1.32268
18.1371	1.34285
18.1607	1.34292
18.3533	1.36268
18.5032	1.38283
18.6101	1.38279
18.7648	1.40255
18.8357	1.40256
19.0356	1.42251
19.0651	1.44093
19.2521	1.44241
19.4335	1.46237
19.4828	1.4625
19.6819	1.4824
19.7301	1.48244
19.9172	1.50235
20.0346	1.52234
20.1351	1.52241
20.2921	1.54215
20.3618	1.54211
20.5463	1.56214
20.5507	1.58109
20.7493	1.58198
20.9051	1.60205
21.0074	1.60216
21.1803	1.62201
21.2068	1.62203
21.3929	1.64203
21.5133	1.66199
21.6417	1.662
21.7754	1.68176
21.8632	1.68174
22.0129	1.70185
22.0214	1.72155
22.2374	1.72168
22.3637	1.7417
22.4667	1.74175
22.5914	1.76139
22.6502	1.76146
22.8553	1.78137
22.9673	1.80132
23.0862	1.80132
23.2236	1.8213
23.2914	1.82129
23.4208	1.84135
23.5018	1.86125
23.689	1.86113
23.8114	1.88111
23.9055	1.88119
24.035	1.90122
24.0784	1.90116
24.2222	1.92102
24.3254	1.94099
24.4708	1.94091
24.565	1.96076
24.6639	1.9608
24.8178	1.98078
24.8632	2.00069
25.058	2.00082
25.1207	2.02065
25.2455	2.02063
25.4188	2.04045
25.4381	2.04106
25.6058	2.06042
25.6872	2.08024
25.8482	2.08023
25.9498	2.10036
26.0401	2.10035
26.1868	2.12016
26.2914	2.14048
26.4503	2.14048
26.5761	2.16051
26.6144	2.16048
26.7801	2.18039
26.7667	2.20042
26.988	2.2004
27.0874	2.22022
27.1794	2.2203
27.3007	2.2401
27.2583	2.2531
27.5342	2.26016
27.5973	2.28008
27.6966	2.28001
27.8186	2.30035
27.9344	2.30026
28.0937	2.32008
28.0739	2.33977
28.2413	2.33985
28.3754	2.35995
28.4599	2.35967
28.6017	2.37972
28.5638	2.39919
28.7795	2.39922
28.8824	2.41962
29.0081	2.41982
29.1552	2.43966
29.2638	2.43959
29.3759	2.45994
29.3848	2.47936
29.5741	2.47938
29.6952	2.49919
29.7558	2.49924
29.8821	2.51927
29.8124	2.5391
30.0667	2.53918
30.1646	2.55906
30.3097	2.55903
30.4493	2.57887
30.5762	2.57895
30.5824	2.59883
30.6537	2.61883
30.839	2.61873
30.9272	2.63848
31.0549	2.63871
31.1321	2.65872
31.0591	2.67884
31.35	2.67881
31.4187	2.69866
31.5895	2.69873
31.6836	2.71879
31.6525	2.72245
31.8462	2.73883
31.9197	2.75861
32.0775	2.7586
32.1354	2.77835
32.3054	2.77837
32.365	2.79835
32.2978	2.81832
32.5872	2.81837
32.6603	2.83848
32.789	2.83851
32.8885	2.85792
32.6804	2.87246
33.1209	2.87783
33.0861	2.89764
33.3091	2.89757
33.3272	2.91782
33.4973	2.91783
33.5494	2.93796
33.6012	2.95771
33.8527	2.9578
33.9044	2.97767
34.0324	2.97758
34.0842	2.9973
33.9122	3.01741
34.309	3.01733
34.3509	3.03738
34.5613	3.03736
34.6201	3.05699
34.6311	3.05698
34.8432	3.07694
34.9016	3.09687
35.018	3.09685
35.0533	3.11699
35.208	3.117
35.3227	3.13669
35.0928	3.15622
35.4767	3.1564
35.4821	3.17642
35.6409	3.17639
35.7274	3.19614
35.8873	3.19615
35.8472	3.21694
35.848	3.23722
36.1275	3.23722
36.2809	3.25692
36.4478	3.25699
36.4059	3.27697
36.2068	3.29665
36.6155	3.29675
36.6062	3.31658
36.767	3.31645
36.8197	3.33671
36.9531	3.33675
37.0587	3.35653
37.0685	3.37673
37.3062	3.37678
37.4011	3.39633
37.4669	3.3963
37.5035	3.41607
37.3306	3.43628
37.663	3.43617
37.7102	3.45603
37.8753	3.45608
37.8664	3.47632
37.9908	3.47624
38.1096	3.496
38.0481	3.51584
38.3151	3.5159
38.2534	3.53582
38.414	3.53609
38.4822	3.55589
38.3079	3.57576
38.6895	3.57585
38.6206	3.59539
38.8552	3.59545
38.8593	3.61527
38.5213	3.63
39.0809	3.63537
39.0584	3.65526
39.2588	3.65515
39.2447	3.67488
39.3922	3.67487
39.3898	3.69458
39.2832	3.71456
39.6043	3.71466
39.5032	3.73551
39.8107	3.73553
39.7573	3.75517
39.5506	3.77499
39.9421	3.77494
39.8208	3.79489
40.075	3.79491
40.0399	3.81465
39.8007	3.82773
40.0686	3.83486
40.0179	3.85437
40.2048	3.85447
40.2208	3.8744
40.3828	3.87435
40.2136	3.89427
40.0408	3.91402
40.4516	3.91409
40.3309	3.93422
40.6273	3.93432
40.5526	3.95386
40.1746	3.96983
40.5512	3.97357
40.5426	3.99348
40.8233	3.9935
40.7978	4.01395
40.9733	4.01401
40.7745	4.0343
40.4786	4.05362
40.7412	4.0537
40.589	4.07346
40.8668	4.07317
40.7828	4.0933
40.2733	4.10945
40.8193	4.11309
40.5701	4.13268
40.8214	4.13266
40.7275	4.153
40.7694	4.15309
40.7932	4.17264
40.4405	4.19234
40.905	4.19236
40.582	4.21242
40.6994	4.21244
40.4572	4.23192
39.9603	4.25211
40.4711	4.2522
40.3181	4.27334
40.5251	4.2733
40.3691	4.29319
40.1853	4.30213
40.2583	4.31291
39.996	4.33248
40.2964	4.3324
39.9776	4.35307
40.2926	4.3531
39.9377	4.37257
39.4415	4.39253
39.7332	4.3924
39.5452	4.41242
39.7047	4.41241
39.5178	4.43203
39.1271	4.44313
39.3594	4.45218
38.8185	4.47203
39.0067	4.47205
38.6762	4.49162
38.9239	4.49156
38.3904	4.51163
38.0452	4.53146
38.5872	4.53138
38.0534	4.55199
38.0539	4.55198
37.5821	4.57168
36.8674	4.58757
37.0222	4.59132
36.5525	4.61127
36.7957	4.61121
36.2735	4.63088
36.4787	4.63084
35.7542	4.65107
35.1917	4.67104
35.8733	4.67094
35.1054	4.6905
35.0436	4.69053
34.5283	4.71052
33.7579	4.73013
34.3046	4.73039
33.3031	4.75036
33.5208	4.75035
32.7099	4.77006
32.7331	4.76998
32.0321	4.78973
31.1828	4.81054
31.6831	4.81051
30.8333	4.83024
30.8217	4.83026
29.8164	4.85044
28.9757	4.87015
29.496	4.87022
28.5514	4.88969
29.2074	4.8897
28.1469	4.90966
28.5375	4.90962
26.8827	4.92923
25.5467	4.94954
26.0363	4.94954
24.9883	4.96905
25.4868	4.96908
24.2124	4.989
23.0081	5.00886
23.3352	5.00894
22.4878	5.02839
22.5905	5.02846
21.6429	5.04799
21.4603	5.0485
20.3478	5.06832
19.4415	5.08825
20.2759	5.08841
18.7157	5.10839
19.2335	5.10838
17.5564	5.12777
15.8027	5.14777
16.3713	5.14783
14.6685	5.16792
15.0502	5.16796
13.8681	5.18747
13.8718	5.18976
12.2574	5.2075
10.6441	5.22693
11.262	5.22696
9.50973	5.2467
10.1506	5.2467
8.36119	5.2669
6.70537	5.28638
7.30404	5.28641
5.41137	5.30638
5.66107	5.30638
3.71707	5.32589
2.1061	5.34498
2.24238	5.34755